9 8 0 8 7 6 5 5 1 4 7 0 8 0 0 1 
4 3 6 1 0 9 4 4 9 0 1 4 6 3 1 9 
6 8 4 4 3 7 6 3 0 8 9 5 5 9 7 3 
4 7 4 9 5 0 3 6 0 2 9 0 4 4 3 0 
3 6 3 3 0 2 4 7 4 7 4 3 1 9 8 3 
3 4 8 8 5 8 4 0 6 2 0 9 6 6 1 1 
0 1 2 3 8 4 3 4 8 0 4 8 8 5 7 5 
8 1 3 8 0 5 6 8 0 0 3 3 7 2 7 5 
7 7 8 6 9 3 6 0 0 5 1 6 3 6 7 9 
2 2 0 1 3 5 2 5 5 3 7 2 5 2 4 4 
7 6 0 6 3 7 6 6 9 1 1 6 5 2 7 3 
6 1 5 6 9 9 9 9 4 3 2 5 7 1 3 4 
9 4 6 0 5 9 8 8 1 7 0 0 6 3 2 8 
8 2 6 7 8 6 1 1 3 4 1 6 1 2 5 2 
1 4 2 5 1 2 1 1 6 2 1 7 4 6 5 9 
4 1 3 0 6 9 2 1 5 5 5 6 5 1 2 3 
