1 1 3 9 4 7 4 5 8 1 5 1 4 5 8 4 
2 2 0 7 2 6 8 9 6 7 7 9 3 8 2 2 
3 3 9 2 0 3 8 6 9 8 6 9 7 5 2 0 
9 0 0 7 7 6 4 2 3 4 7 7 7 9 0 1 
6 6 2 8 0 7 6 2 3 8 0 9 4 9 5 6 
6 5 6 2 9 1 8 1 3 5 8 1 3 7 4 8 
2 8 0 7 6 5 8 8 6 0 4 9 7 2 4 2 
2 1 3 6 3 9 6 4 2 8 3 2 8 5 2 0 
5 1 1 3 8 9 7 0 7 2 3 9 7 2 8 4 
3 5 7 1 7 4 1 1 2 6 2 2 4 9 3 2 
3 3 3 1 0 8 7 7 9 4 3 2 2 8 1 7 
0 4 9 5 0 4 4 8 3 7 7 4 9 9 8 9 
2 1 6 9 1 5 6 3 3 7 5 8 4 6 0 9 
7 2 9 5 6 2 6 6 5 8 4 8 0 9 9 8 
8 2 3 2 8 8 7 2 4 5 0 5 4 7 1 6 
8 8 0 9 1 7 2 0 3 6 5 7 4 0 8 9 
