4 1 8 4 0 7 6 2 0 8 4 8 4 2 7 5 
2 2 3 0 2 5 2 5 1 7 3 6 5 3 5 8 
4 8 2 3 8 5 6 9 2 0 1 0 9 8 2 3 
9 3 1 0 6 1 0 2 5 9 2 2 6 6 8 4 
0 6 7 0 3 3 9 0 0 4 7 8 4 3 2 7 
9 3 9 1 1 4 0 3 3 2 3 8 0 3 2 4 
2 0 5 9 7 9 2 3 0 2 4 3 2 2 0 5 
6 8 4 6 5 5 5 8 7 0 2 4 2 3 4 4 
9 9 0 7 6 5 6 8 1 0 1 4 5 5 4 4 
3 1 5 7 1 8 3 2 9 1 2 6 8 1 6 6 
5 0 6 0 6 2 2 3 7 3 6 3 3 3 2 8 
9 0 6 3 0 8 4 6 8 7 9 6 5 0 3 7 
3 7 7 9 1 2 8 3 8 0 6 6 5 1 5 5 
4 9 5 5 7 7 1 8 6 0 7 5 2 2 2 8 
8 2 3 5 6 7 9 5 7 5 4 9 2 3 9 5 
6 4 2 1 2 8 3 2 7 4 5 2 5 7 9 0 
