1 0 1 1 7 9 6 4 0 7 5 3 1 7 9 2 
4 4 0 2 0 6 0 4 7 1 9 5 7 0 7 8 
0 1 2 4 3 1 6 3 3 2 8 0 7 7 2 6 
5 5 6 5 0 0 5 9 1 5 2 8 9 2 5 7 
1 2 2 5 4 2 9 7 5 3 1 5 9 9 7 7 
8 6 2 7 9 7 4 9 0 4 7 7 9 5 2 1 
2 0 8 2 7 6 4 9 2 0 7 4 3 6 5 2 
9 2 0 2 7 1 7 0 2 7 5 8 0 5 1 7 
2 3 8 1 1 4 5 8 9 9 2 4 3 7 0 9 
0 6 7 8 5 8 0 5 8 0 7 5 9 8 8 4 
6 6 3 7 6 1 2 1 5 6 9 1 8 5 4 6 
9 1 9 8 3 2 9 9 7 8 5 0 0 0 6 3 
4 9 3 7 0 1 0 1 0 7 7 8 6 0 0 1 
7 8 4 6 9 0 4 7 9 7 0 8 8 4 0 9 
4 2 9 0 4 5 4 8 1 1 8 7 2 7 1 8 
4 5 3 4 5 8 1 6 1 8 9 2 6 6 1 6 
