2 7 9 6 6 9 6 0 2 2 6 5 1 2 0 3 
4 6 4 9 3 2 5 6 7 0 2 6 9 8 4 1 
4 8 4 2 2 8 0 2 2 5 9 7 6 0 7 6 
0 5 1 2 2 6 1 4 1 3 5 6 0 1 8 2 
9 1 0 8 6 2 0 3 6 1 7 1 5 4 1 5 
4 6 8 6 2 7 4 8 7 5 1 4 5 2 7 2 
7 8 3 2 5 7 2 8 2 3 6 8 6 4 7 9 
7 6 7 0 5 2 4 8 5 8 6 6 4 2 9 7 
2 5 1 7 8 8 4 9 9 9 7 7 7 3 1 9 
3 7 8 7 4 4 6 6 2 8 4 7 9 8 8 5 
8 7 7 7 1 3 5 5 1 7 0 9 8 3 5 6 
6 2 0 3 9 6 6 7 6 2 5 3 9 4 6 5 
4 1 5 8 3 6 7 8 9 6 3 0 3 2 6 3 
4 9 5 0 8 7 7 4 5 4 9 2 5 4 4 6 
6 6 3 0 7 8 1 5 4 7 5 9 5 9 4 8 
3 8 6 3 8 6 1 8 2 3 2 7 4 6 2 8 
