2 1 1 9 1 5 2 0 9 2 2 0 0 6 4 5 
9 4 5 8 5 0 1 5 6 7 3 8 9 1 6 1 
9 9 0 9 7 2 3 1 9 6 8 4 2 7 0 3 
3 1 5 7 1 4 0 1 2 4 9 0 9 4 1 1 
6 1 4 9 8 4 1 4 1 4 1 0 9 9 3 4 
1 7 6 2 3 5 0 9 6 4 7 4 5 7 5 0 
3 7 9 4 6 2 6 0 3 1 3 8 1 5 3 1 
0 1 4 2 4 8 1 6 7 7 5 9 4 9 3 9 
5 6 4 6 5 3 5 3 2 0 2 6 3 6 1 3 
8 0 1 2 4 3 7 0 1 4 7 2 6 3 9 7 
9 3 7 7 0 3 8 7 8 9 4 4 4 8 7 4 
9 7 1 3 1 2 1 5 0 6 7 3 6 6 2 2 
2 9 5 3 1 6 6 0 7 7 8 1 3 9 8 8 
7 5 2 8 7 8 4 9 7 3 4 4 7 5 4 5 
6 0 8 1 7 2 7 1 7 6 9 8 4 7 0 6 
9 6 2 0 6 7 4 5 1 5 4 6 5 2 8 3 
