6 3 9 7 4 1 3 7 9 6 5 5 0 6 3 8 
6 2 4 1 6 8 4 3 3 0 6 6 6 0 6 8 
4 4 5 7 4 9 3 3 3 6 2 9 3 8 1 3 
2 2 2 8 8 0 4 3 0 3 0 0 0 3 9 6 
6 5 9 2 2 9 0 5 9 1 1 8 0 3 0 7 
6 1 0 5 8 4 5 7 7 7 9 5 1 3 0 7 
5 7 5 5 2 9 0 6 0 5 6 7 7 9 6 8 
0 9 6 3 9 8 0 6 4 0 3 8 1 0 8 6 
0 6 5 7 0 1 3 9 0 9 4 1 7 8 3 2 
7 8 4 0 1 4 0 3 5 7 3 9 9 4 0 5 
5 3 0 5 7 5 2 6 6 8 5 1 8 1 7 7 
0 1 6 6 7 1 0 4 6 4 0 6 9 8 1 7 
1 5 4 5 2 3 2 6 6 0 4 5 8 4 7 0 
9 9 2 9 8 4 8 5 5 5 8 4 7 7 1 0 
7 3 1 1 6 3 5 6 1 4 1 0 4 8 9 3 
2 2 1 5 7 9 5 2 9 9 1 1 0 3 8 9 
