9 8 9 3 5 8 4 0 7 8 1 5 6 0 0 6 
3 5 0 2 7 6 7 4 1 1 2 8 8 0 1 2 
5 3 8 2 8 9 0 0 0 6 5 7 5 4 6 6 
8 6 3 7 4 5 0 9 5 5 5 2 1 8 9 8 
9 3 6 1 9 9 4 0 5 3 2 5 8 9 3 5 
6 5 7 2 5 6 8 6 4 9 0 5 6 8 9 7 
0 3 7 2 0 0 7 4 0 6 6 5 1 9 6 0 
2 5 5 8 1 4 4 4 7 9 0 3 9 5 3 7 
2 2 3 6 2 2 1 4 3 1 7 9 6 3 3 7 
9 2 8 3 0 4 0 0 2 7 3 7 8 3 7 3 
0 8 4 8 8 9 2 6 4 3 8 2 7 0 2 9 
8 7 8 6 7 2 1 3 0 7 2 8 8 6 2 1 
1 0 4 8 0 8 6 6 4 9 2 0 1 3 9 2 
4 5 7 8 7 4 1 8 5 9 8 2 8 6 6 8 
1 8 7 1 9 2 4 8 8 0 1 7 6 6 5 4 
0 4 6 4 0 1 5 7 1 8 0 8 0 8 3 1 
