9 9 5 4 6 8 0 4 0 2 9 8 1 6 3 9 
7 2 0 7 2 9 2 8 2 4 1 1 2 8 7 9 
4 2 5 3 3 7 0 2 6 9 6 1 1 1 5 8 
8 6 4 7 4 2 9 1 1 9 5 6 4 6 3 1 
2 1 6 7 8 5 5 0 0 1 5 8 1 8 7 0 
3 4 7 3 2 8 8 2 7 4 0 0 3 4 3 3 
8 0 4 0 8 2 9 0 0 7 0 6 2 2 7 0 
6 0 1 6 1 3 9 0 1 8 5 4 1 2 4 6 
0 5 8 9 1 5 2 8 2 7 9 4 4 5 4 4 
7 0 5 7 5 2 4 4 3 5 8 4 5 5 6 2 
7 7 3 7 4 2 5 6 1 7 1 3 1 5 8 2 
9 1 8 8 5 9 2 3 6 9 5 1 8 4 3 8 
0 5 3 9 8 2 9 0 8 6 2 7 6 8 8 0 
3 8 3 0 7 9 8 7 0 1 2 2 9 5 6 5 
9 3 3 9 5 3 8 3 8 3 9 3 2 8 5 3 
0 8 3 9 1 6 4 6 9 5 6 0 6 2 3 4 
