0 4 5 6 1 0 2 9 4 7 8 8 4 8 7 0 
0 2 6 2 5 8 5 6 9 3 1 1 5 6 0 8 
2 1 4 4 2 9 6 9 0 6 9 7 1 8 9 1 
3 4 9 9 4 0 8 5 2 7 5 3 5 5 7 0 
4 0 0 6 8 7 6 0 5 1 9 4 1 9 7 6 
4 0 7 7 9 4 9 5 4 0 8 1 3 5 6 2 
1 2 9 9 4 0 9 1 7 6 4 2 7 6 8 5 
3 0 3 1 6 8 5 9 2 7 5 0 1 9 3 9 
2 8 2 2 4 8 9 9 2 6 0 8 8 1 8 8 
6 2 0 2 1 9 6 2 7 5 9 3 3 4 7 1 
9 8 9 2 9 6 3 3 7 1 1 6 2 5 0 0 
6 9 0 8 9 9 6 5 5 4 3 7 6 6 4 1 
2 5 2 1 0 3 5 6 5 7 3 9 7 1 1 2 
1 9 2 6 6 4 7 7 9 0 6 2 1 8 5 1 
7 7 0 9 7 4 9 5 0 9 6 6 1 6 8 9 
0 4 5 1 6 4 4 9 3 5 5 8 3 2 7 9 
