1 8 9 9 0 5 0 6 0 3 8 5 0 9 3 1 
8 5 7 3 4 6 8 4 1 9 9 4 5 6 2 8 
9 7 2 2 4 2 5 6 3 0 8 7 5 7 3 8 
8 4 2 1 5 6 9 7 7 8 3 0 2 5 2 8 
1 6 8 3 3 9 0 1 4 5 1 5 9 7 9 9 
5 5 2 1 6 2 4 2 6 4 1 4 0 9 2 0 
6 0 2 2 3 4 9 2 4 3 7 6 5 6 8 7 
9 3 6 6 6 0 2 8 5 7 6 6 1 0 9 8 
4 1 3 5 3 8 0 9 0 4 3 5 3 5 2 7 
9 6 3 9 8 4 7 7 9 3 2 3 0 5 3 5 
3 1 5 5 0 7 6 3 8 1 2 7 8 8 0 2 
6 3 8 3 4 6 3 4 3 4 5 9 3 4 5 4 
1 4 7 6 4 6 9 4 4 8 8 3 3 1 9 5 
4 8 5 7 1 8 9 3 1 4 3 9 6 1 8 3 
6 4 5 0 0 6 9 8 8 5 5 1 9 5 7 3 
5 0 7 0 5 8 7 8 4 2 2 6 5 9 2 6 
