4 2 8 4 6 6 1 9 0 0 8 2 8 2 2 0 
3 3 3 8 8 9 6 2 3 8 4 9 9 2 7 1 
5 7 0 3 4 6 9 8 5 8 5 8 4 4 7 1 
3 7 9 6 3 5 5 0 5 1 7 3 6 7 7 0 
9 3 8 6 2 5 7 2 1 4 7 4 9 4 9 6 
7 8 0 5 5 7 3 9 1 0 8 7 2 9 4 3 
9 6 1 8 1 6 5 3 1 3 7 2 2 1 1 3 
0 3 9 7 1 7 7 6 6 4 0 2 4 9 6 9 
7 5 4 6 0 5 3 7 5 1 3 8 0 2 5 6 
2 6 5 0 8 1 5 9 3 4 6 2 7 4 8 7 
3 5 2 0 0 7 2 2 5 0 5 7 1 5 3 5 
9 6 8 1 0 2 1 3 6 7 1 6 8 6 2 9 
2 0 0 9 5 7 8 2 9 0 4 4 3 1 6 1 
4 2 4 5 7 3 3 1 9 9 7 0 0 8 8 2 
1 1 5 6 7 5 7 1 7 4 4 5 0 4 0 1 
9 5 8 2 3 2 0 9 9 7 9 8 7 5 5 9 
