9 4 3 0 8 8 8 2 7 9 9 2 5 2 7 1 
7 9 4 6 8 4 5 7 8 4 7 3 3 1 3 5 
2 5 2 3 2 7 4 8 2 9 0 5 5 3 2 7 
0 4 4 4 6 0 8 7 0 3 1 9 5 1 5 4 
5 3 4 0 3 7 5 0 3 2 2 8 5 0 8 4 
1 3 2 1 4 2 6 3 5 0 9 4 7 3 1 3 
5 3 2 7 0 3 3 0 1 3 2 9 7 4 4 9 
6 8 2 9 8 3 5 2 2 9 8 8 0 1 6 1 
5 1 2 0 4 4 2 7 4 4 1 7 2 3 7 3 
7 6 6 9 4 0 3 6 9 6 5 9 4 5 4 7 
4 1 0 6 9 3 0 0 4 1 6 0 4 5 6 1 
7 2 9 8 3 0 8 9 5 2 9 9 4 9 5 7 
8 1 0 0 3 9 2 6 9 9 6 0 4 3 2 2 
0 3 1 5 4 8 9 3 9 9 6 7 1 6 0 4 
6 3 8 2 5 8 7 7 5 9 9 3 1 5 6 4 
0 6 2 6 3 4 7 9 2 1 1 6 7 5 6 6 
