8 3 7 7 6 4 6 0 7 6 6 4 9 1 2 1 
2 9 8 3 9 5 0 2 4 7 6 4 9 6 3 8 
5 8 5 2 3 6 4 7 8 6 3 8 3 9 6 1 
1 9 6 6 1 4 7 1 3 5 9 4 3 8 7 4 
7 8 2 0 2 8 0 8 6 2 0 0 3 6 3 9 
0 8 9 0 3 8 5 5 9 1 2 3 2 4 3 7 
9 8 8 3 3 3 6 4 6 1 4 1 3 0 2 5 
3 1 6 9 2 8 1 7 0 8 4 9 1 3 2 5 
5 2 4 8 6 9 5 6 2 6 1 7 5 6 0 5 
3 3 5 0 0 3 3 2 3 4 3 7 3 6 6 6 
7 1 6 0 9 4 2 4 9 4 1 7 1 9 6 6 
1 7 5 3 4 3 8 0 2 3 3 7 4 1 7 6 
9 8 6 1 9 2 2 7 6 8 6 5 8 7 9 1 
4 1 5 2 7 5 3 5 7 5 3 1 8 2 5 8 
1 7 5 7 5 6 2 7 4 9 8 3 8 5 0 9 
9 9 9 6 4 2 4 7 3 5 4 1 9 8 5 2 
