9 7 0 1 9 0 3 7 3 6 0 2 2 1 9 3 
0 7 5 8 4 2 3 7 9 4 6 6 3 7 1 9 
4 8 7 0 7 8 2 3 1 4 0 6 9 6 1 8 
5 9 6 3 5 0 2 9 2 0 7 4 3 8 8 6 
0 0 5 5 2 6 7 1 1 9 0 5 8 7 0 0 
4 7 1 9 4 6 5 7 1 4 6 1 3 5 3 6 
3 6 8 1 7 9 8 0 4 7 0 1 9 6 1 4 
5 7 5 7 4 6 6 6 0 5 2 6 2 0 4 0 
4 4 8 6 0 5 4 0 4 4 8 5 8 9 7 4 
5 7 1 1 9 3 5 0 7 7 0 4 2 9 6 9 
9 8 1 8 0 8 8 2 6 9 0 0 7 0 6 7 
8 7 0 1 3 6 8 3 5 1 1 4 6 1 4 5 
0 0 5 8 5 3 0 1 3 2 5 3 8 2 1 6 
4 3 0 4 5 2 4 8 1 4 8 9 2 7 0 8 
0 0 6 1 7 0 6 3 7 8 0 5 6 6 9 2 
8 4 6 2 3 3 4 1 8 1 3 4 3 5 1 5 
