8 8 4 3 6 5 4 4 1 7 5 9 8 6 6 6 
7 1 2 7 3 0 1 7 5 8 5 4 4 1 3 4 
7 4 0 8 2 9 2 5 4 3 3 7 1 7 0 1 
0 9 2 5 0 0 7 0 0 8 6 1 6 5 2 9 
6 0 6 3 2 6 4 6 3 5 0 2 9 7 2 5 
2 0 7 8 0 6 9 9 5 0 8 0 3 8 6 0 
9 0 3 8 6 6 7 5 4 6 2 2 4 5 7 3 
7 9 9 5 3 4 2 2 6 8 2 4 8 8 0 0 
1 7 1 4 4 7 6 1 7 4 2 6 6 4 2 6 
2 7 4 1 7 4 6 4 4 8 5 7 7 2 7 5 
3 3 4 1 8 9 8 1 8 0 3 7 2 9 4 3 
9 2 2 2 0 7 4 3 9 5 2 0 8 1 8 2 
9 0 5 3 6 4 9 6 6 8 4 4 3 9 9 7 
0 0 1 3 8 8 0 0 1 5 1 5 4 4 8 1 
0 7 5 6 2 3 6 5 0 5 6 2 0 6 5 2 
3 8 9 8 4 4 7 1 3 8 0 7 6 7 2 4 
