1 5 3 1 6 4 8 8 4 3 1 3 0 2 5 1 
1 1 7 7 9 5 1 7 9 8 0 7 2 3 2 7 
9 2 7 4 4 2 4 8 1 8 5 2 4 5 3 1 
3 7 4 2 8 6 1 8 0 4 2 6 6 6 5 2 
8 1 3 1 6 4 3 1 5 7 8 2 6 0 4 6 
0 6 6 7 5 3 4 4 9 4 9 5 8 5 7 0 
7 9 0 5 5 0 7 4 7 5 8 5 6 5 8 9 
2 1 6 5 2 5 8 1 3 7 3 2 5 0 8 1 
9 1 8 6 3 5 9 9 9 8 3 7 7 8 6 6 
9 1 6 0 8 2 6 1 4 7 0 7 9 3 4 0 
4 6 2 2 2 7 8 7 0 2 9 9 9 5 2 4 
0 7 8 1 0 5 6 9 5 1 1 9 2 3 0 7 
9 4 5 7 8 2 9 2 3 0 4 9 1 1 8 1 
4 0 7 8 7 0 2 2 1 7 0 5 9 6 4 6 
3 6 9 6 6 4 8 9 9 6 5 8 2 4 2 5 
2 2 2 2 7 3 3 7 9 0 9 4 5 8 9 0 
