9 5 8 0 2 5 2 1 9 5 1 4 3 3 9 4 
8 0 9 9 7 0 0 7 7 7 1 7 4 5 3 5 
6 6 8 1 7 4 0 4 6 3 0 9 9 2 8 3 
0 5 5 7 9 0 9 7 3 9 0 4 3 4 7 9 
4 2 6 1 7 0 0 7 7 9 2 1 3 6 3 7 
8 6 7 7 4 4 9 5 0 6 8 3 7 4 1 0 
5 6 8 1 4 8 1 7 0 4 7 9 4 9 9 9 
1 8 5 2 5 3 5 8 2 5 3 2 4 5 9 5 
5 4 2 0 0 5 4 4 1 1 8 6 6 1 4 4 
8 1 0 2 0 9 0 7 3 2 1 8 9 0 6 6 
7 6 7 4 6 2 7 6 9 6 5 8 5 7 5 4 
8 9 8 4 6 6 7 1 7 7 3 9 4 0 9 4 
2 1 4 7 0 1 9 7 7 5 9 4 6 8 1 3 
3 5 6 7 4 2 2 2 6 5 6 4 7 4 7 4 
1 4 2 5 2 7 4 8 8 5 5 7 4 2 4 6 
8 1 5 9 6 3 8 1 0 8 4 6 7 2 5 1 
