6 4 2 2 1 2 9 4 1 3 5 2 6 6 2 5 
6 3 1 6 1 5 7 8 9 0 7 6 3 4 9 6 
5 8 8 2 1 1 0 6 2 9 8 5 8 8 5 6 
6 6 9 1 7 7 6 9 1 1 1 9 7 8 4 4 
7 0 8 1 8 8 0 4 7 5 9 4 4 1 0 4 
7 1 7 7 4 0 4 4 2 5 7 1 0 5 7 2 
4 3 2 1 7 4 4 6 6 5 6 5 9 0 1 4 
8 6 3 6 9 0 9 3 9 0 4 6 9 3 1 2 
4 3 0 1 4 3 3 5 9 7 2 4 3 5 3 6 
4 6 3 5 0 1 8 3 3 0 4 3 2 6 9 9 
1 2 3 3 8 8 9 7 2 6 1 9 7 0 8 1 
2 7 4 5 1 3 7 1 7 3 7 1 4 9 4 4 
6 8 7 8 0 6 4 8 2 5 5 4 6 0 3 6 
5 1 0 3 5 1 6 2 2 5 8 0 0 5 5 4 
9 2 8 3 8 6 4 4 7 3 8 2 6 1 1 3 
9 0 3 1 3 8 4 6 9 5 1 7 8 4 8 7 
