5 5 1 8 6 8 6 9 7 4 4 5 3 4 2 6 
9 2 6 1 3 2 0 4 7 8 7 5 6 3 6 7 
8 7 6 7 4 6 6 6 4 8 3 7 6 9 2 7 
5 3 9 3 4 8 4 6 9 3 2 0 4 4 4 5 
9 4 6 2 7 9 6 8 3 7 7 1 0 8 4 3 
4 4 0 4 0 4 6 6 2 0 0 5 8 7 7 5 
2 8 0 4 0 1 4 0 1 2 7 8 9 9 6 4 
9 2 2 7 3 8 2 9 4 5 3 4 9 7 5 2 
8 2 6 4 9 1 1 9 6 5 4 6 0 7 2 4 
9 0 6 1 2 0 3 3 2 6 5 9 5 0 0 0 
8 6 9 5 4 1 4 4 2 3 9 2 7 3 4 5 
9 7 0 0 6 8 0 8 3 2 2 6 6 7 3 9 
2 7 9 6 6 0 8 1 4 4 0 2 2 6 8 6 
0 7 8 4 0 2 5 9 6 8 6 2 6 3 3 1 
9 7 7 0 5 0 0 4 9 5 7 0 7 9 6 2 
6 2 9 9 1 8 4 0 8 5 7 3 9 6 1 7 
