1 4 5 2 0 5 6 2 0 8 5 6 1 7 6 3 
4 4 3 7 6 8 4 2 2 3 0 9 8 9 8 0 
0 6 1 0 4 9 8 0 8 5 2 1 6 3 8 7 
3 9 3 8 8 2 6 0 2 4 7 8 8 4 7 1 
9 3 1 0 2 0 4 9 4 3 4 9 9 4 4 7 
3 4 4 0 5 5 4 5 7 8 3 2 5 2 5 9 
9 5 0 2 7 5 7 7 0 0 5 8 4 1 6 4 
9 7 2 0 4 9 7 2 7 4 8 8 7 8 9 6 
8 3 1 9 7 1 0 3 9 1 7 7 5 6 1 1 
7 0 2 4 0 5 0 3 1 6 5 7 9 0 8 1 
5 9 3 8 8 5 5 9 3 5 7 8 7 0 3 1 
7 2 3 4 1 7 2 6 7 6 6 6 7 7 0 9 
8 2 4 0 5 0 5 7 6 7 7 6 8 2 7 3 
9 4 4 2 6 8 3 0 7 5 8 0 7 9 3 9 
6 5 8 1 1 6 9 5 0 0 5 6 3 1 0 4 
3 0 0 0 0 2 4 2 3 5 1 3 6 5 7 5 
