0 1 5 6 6 7 8 6 5 6 6 8 2 5 1 9 
1 9 5 3 4 2 4 4 6 2 4 9 4 3 8 9 
3 2 8 1 6 7 4 9 3 5 4 3 4 9 5 9 
5 8 5 6 4 0 5 3 1 8 6 8 5 0 3 0 
8 4 1 5 5 4 3 9 8 1 0 7 6 0 0 6 
3 2 6 5 8 8 4 2 3 7 6 9 4 8 3 0 
6 7 4 3 4 6 6 6 9 7 2 9 7 4 4 8 
8 2 8 1 8 7 7 7 2 8 1 6 8 9 1 0 
3 8 4 8 0 3 7 6 8 9 1 2 9 6 1 1 
0 8 8 1 4 6 9 6 2 5 0 4 1 5 6 9 
0 2 2 8 3 6 5 1 3 4 0 4 2 5 3 9 
6 6 5 2 6 5 0 0 5 6 8 2 7 6 0 2 
0 2 6 3 9 9 2 6 1 6 4 6 8 7 3 2 
2 3 9 0 2 5 1 2 7 5 8 7 5 6 4 0 
0 8 2 2 0 9 1 9 6 2 1 1 0 4 3 2 
4 9 3 2 2 2 2 0 2 5 1 6 1 5 5 3 
