1 4 8 2 6 5 2 1 2 4 8 3 8 8 5 6 
4 3 2 7 4 1 7 7 3 1 8 8 1 0 4 6 
9 0 9 0 5 7 8 8 9 5 0 2 9 9 5 2 
4 3 2 3 2 5 2 8 6 2 6 4 1 1 6 2 
0 0 6 4 1 5 1 1 3 6 2 6 5 7 1 8 
6 5 0 4 6 3 5 7 0 2 8 0 9 2 4 7 
7 5 7 1 5 3 1 4 3 9 8 7 5 5 2 7 
4 4 8 0 2 9 7 6 5 1 2 2 4 6 1 4 
1 4 0 3 6 4 5 9 1 7 0 3 3 1 5 9 
0 9 0 3 9 1 0 1 9 9 5 8 4 6 1 6 
1 8 0 7 5 3 3 7 1 8 5 1 0 6 8 8 
3 9 0 7 2 2 6 5 1 6 4 6 9 0 7 0 
4 2 4 7 1 3 5 0 0 3 0 5 5 6 5 0 
2 8 6 0 9 8 7 9 7 3 8 6 9 8 1 4 
1 8 4 4 6 7 3 4 9 7 0 1 8 2 7 1 
6 1 1 3 4 6 1 4 5 4 1 4 5 5 7 7 
