9 6 7 1 3 5 4 8 3 8 8 2 3 2 2 2 
9 1 9 7 0 6 9 8 6 6 1 6 0 8 5 7 
3 8 5 4 2 4 1 6 9 1 2 6 3 5 5 2 
2 2 8 9 0 6 8 8 3 6 7 0 5 6 6 2 
9 8 0 6 3 2 6 4 7 4 5 5 1 0 1 2 
0 7 2 6 4 1 8 1 9 6 6 2 1 2 6 8 
7 1 6 2 2 4 1 2 5 9 1 3 1 1 5 2 
3 1 9 4 2 9 3 1 2 2 3 7 6 4 3 2 
3 6 6 4 4 7 3 5 6 6 7 2 3 6 8 5 
4 3 2 3 5 3 8 3 8 6 4 5 3 8 2 3 
6 3 6 7 0 7 6 2 6 3 6 1 8 6 2 6 
8 1 8 4 3 7 8 5 0 7 6 6 0 3 5 2 
6 1 0 9 1 8 9 9 9 8 4 3 9 6 3 6 
2 5 4 7 9 3 5 3 9 1 6 3 9 1 8 5 
8 9 8 8 5 4 9 4 0 1 8 3 9 6 3 3 
1 1 8 2 2 9 9 0 9 5 6 0 2 3 6 5 
