3 9 6 4 6 4 5 5 9 9 9 2 7 4 6 9 
7 7 2 0 4 0 2 9 9 2 7 9 1 1 1 1 
4 5 0 4 8 2 9 5 8 9 2 8 5 2 0 4 
9 2 8 1 3 1 0 3 1 6 1 4 2 4 3 5 
4 1 0 4 2 7 2 6 6 6 3 6 2 3 3 7 
0 4 0 1 9 5 4 7 0 0 7 4 5 9 8 1 
0 5 2 9 4 6 9 2 1 0 4 4 2 4 6 4 
3 8 7 7 2 5 5 7 6 7 9 2 0 5 7 7 
9 6 5 8 0 4 6 0 9 3 0 9 3 9 0 2 
2 3 2 4 5 9 1 7 2 0 1 4 2 6 6 4 
2 9 1 1 0 9 9 1 8 7 9 6 9 4 9 5 
8 7 6 0 4 1 0 6 1 8 9 0 9 2 2 2 
4 9 2 7 7 2 0 2 5 1 2 2 6 8 8 5 
2 5 1 2 5 8 0 9 3 5 7 8 8 3 6 8 
9 9 1 3 4 5 3 6 0 0 0 1 0 0 7 3 
4 5 4 4 0 6 8 9 9 0 7 7 3 4 7 9 
