9 8 0 9 4 7 7 2 6 8 2 6 5 8 4 1 
3 4 1 0 9 9 1 5 5 4 8 0 2 3 2 8 
3 8 5 7 2 2 3 7 3 9 6 9 6 1 1 3 
5 9 4 3 1 2 5 7 9 2 8 0 9 8 8 6 
5 7 3 0 7 4 1 3 3 4 6 3 6 7 4 5 
8 6 3 1 3 7 9 2 4 8 3 5 6 6 5 0 
5 1 3 9 5 3 3 7 7 7 6 1 4 1 9 3 
1 1 3 8 9 1 9 5 1 7 0 4 9 0 5 0 
0 5 6 5 5 2 6 3 1 5 8 3 2 1 6 1 
8 4 8 9 8 0 1 3 7 3 2 6 0 6 8 5 
9 3 8 2 7 4 8 0 9 4 1 4 5 1 0 0 
8 3 5 7 7 2 4 5 5 5 7 0 6 0 6 7 
5 7 7 6 8 2 5 2 6 6 2 6 0 4 7 4 
1 6 5 0 2 6 5 7 3 8 0 3 9 6 4 3 
0 3 6 7 1 7 4 0 8 9 2 4 9 4 3 2 
4 7 4 7 5 4 0 6 0 6 5 7 5 2 6 4 
