8 3 5 4 2 2 8 4 4 9 3 5 6 6 2 5 
3 8 7 1 3 9 3 3 2 0 6 2 5 3 6 4 
3 8 8 4 1 2 8 5 8 6 7 6 4 7 6 9 
8 7 4 8 2 0 6 1 4 0 9 6 9 8 5 3 
6 0 7 7 9 4 3 3 8 5 2 5 7 1 8 7 
0 1 5 9 1 1 0 3 3 0 7 2 3 1 4 9 
6 0 8 7 8 0 1 8 2 2 7 0 6 1 7 8 
3 7 9 5 3 6 1 8 7 3 1 5 9 7 6 0 
0 0 6 5 6 2 5 2 3 0 9 4 0 7 4 3 
1 7 2 2 3 6 8 3 5 5 3 2 6 8 1 6 
1 9 8 6 6 3 3 8 1 1 3 8 2 7 7 5 
3 6 3 5 2 0 7 8 4 3 4 8 7 7 0 1 
5 5 9 3 7 9 6 4 2 5 0 6 3 0 7 9 
0 7 3 1 8 2 3 8 3 9 1 3 7 2 8 1 
3 3 8 1 4 5 2 8 7 7 9 0 6 9 2 5 
0 8 3 9 2 9 8 6 5 3 3 4 8 7 6 3 
