3 5 0 6 1 2 4 5 2 3 7 9 7 7 1 4 
5 6 0 7 9 3 7 3 5 4 2 5 6 7 8 1 
2 6 1 4 0 6 7 3 4 3 1 9 0 0 6 0 
9 4 9 2 4 0 2 6 2 1 6 9 5 4 1 2 
0 3 5 1 5 4 3 6 7 5 9 8 9 2 1 2 
1 2 3 8 9 5 4 4 8 7 1 8 8 6 6 9 
6 2 6 9 3 7 9 5 1 0 6 8 6 5 4 0 
6 6 8 5 7 9 5 2 0 7 3 0 0 1 9 7 
9 0 7 0 5 7 0 1 5 5 0 7 0 3 5 9 
3 4 8 1 5 8 6 3 7 1 7 9 6 0 0 0 
6 0 7 7 5 2 0 1 6 3 7 5 4 2 4 6 
7 5 0 2 3 4 7 9 1 2 6 2 1 3 8 3 
7 2 1 8 0 9 2 2 1 1 1 9 9 1 5 0 
8 9 8 4 3 9 3 4 7 2 2 0 3 5 8 8 
8 6 3 7 4 1 8 2 6 2 2 7 2 4 5 7 
1 8 6 6 8 9 9 1 9 0 0 0 9 9 0 2 
