6 2 3 0 8 0 2 8 3 0 1 2 8 9 9 2 
1 4 1 3 9 6 4 9 3 0 7 1 7 1 8 0 
5 3 4 7 6 8 0 8 9 8 9 0 2 2 9 0 
2 0 1 2 3 6 3 8 4 0 2 8 1 0 2 6 
8 5 3 4 2 4 1 2 7 7 6 1 0 6 5 5 
7 2 0 5 8 9 0 7 3 8 6 2 2 8 5 3 
8 4 2 8 9 7 3 6 4 2 8 8 2 2 9 8 
7 7 5 5 9 5 9 6 8 2 5 1 3 7 4 1 
1 6 6 7 3 1 4 5 3 4 0 0 6 3 8 4 
0 6 7 5 7 1 7 6 9 8 2 4 0 5 6 4 
3 5 0 4 8 0 1 5 8 6 7 9 1 5 8 4 
1 6 9 3 9 1 6 5 5 7 0 0 8 1 2 2 
1 3 5 8 8 6 4 5 2 9 5 8 7 3 0 1 
5 0 9 7 8 5 9 9 3 4 6 6 7 3 7 0 
3 6 2 3 8 2 4 9 9 7 6 7 1 9 1 6 
7 1 3 8 0 7 8 3 9 6 0 0 6 0 0 5 
