8 4 7 9 9 2 5 2 2 2 2 5 3 6 6 0 
7 3 0 8 0 1 4 4 2 3 4 1 0 2 9 9 
4 0 9 4 2 9 1 5 9 4 6 2 7 0 0 4 
1 5 3 0 9 8 2 3 7 9 2 1 4 8 3 2 
7 8 8 4 4 3 6 5 6 5 9 4 0 9 3 3 
8 4 8 4 7 8 6 8 4 8 3 0 9 4 9 7 
6 0 4 5 4 8 1 9 1 2 1 3 6 2 3 4 
2 0 9 4 9 4 1 4 5 0 3 9 1 3 3 5 
5 1 0 5 5 0 3 5 1 8 8 3 2 9 0 8 
0 1 6 7 4 8 9 6 6 0 9 9 3 6 1 4 
3 3 6 8 5 8 1 8 4 1 2 2 6 4 3 2 
9 2 6 4 2 2 6 6 7 4 6 6 2 8 0 0 
4 1 1 1 3 9 1 9 2 7 3 2 6 4 5 9 
2 3 4 9 7 0 1 3 5 8 0 5 0 9 8 1 
1 8 5 5 1 1 9 1 3 7 1 4 6 2 7 5 
5 1 9 2 4 4 2 7 0 6 5 5 1 1 1 0 
