6 6 2 8 8 2 2 3 3 6 8 6 7 3 0 5 
0 6 8 2 6 8 1 4 5 5 9 1 1 8 2 9 
1 1 3 1 9 1 9 5 9 8 1 2 6 1 2 8 
5 7 1 4 3 5 9 4 8 4 4 8 3 6 7 3 
6 1 6 7 3 0 4 4 5 3 8 4 2 4 4 4 
6 2 3 4 7 8 3 9 5 7 4 9 2 1 3 4 
5 8 2 4 8 0 9 3 2 6 4 1 6 7 4 5 
7 5 4 0 4 2 2 8 6 0 3 5 1 2 5 3 
4 1 1 2 0 1 3 2 6 3 5 2 7 9 8 4 
5 1 1 9 3 4 9 7 7 0 1 9 1 1 2 3 
3 7 6 8 5 6 4 6 7 6 0 3 1 4 1 8 
2 3 9 7 0 7 0 3 9 3 0 4 4 9 7 6 
7 9 6 8 4 6 7 4 6 6 1 4 5 8 4 3 
2 5 9 2 3 7 6 9 1 5 7 1 9 0 7 8 
4 5 6 3 1 4 8 5 4 7 3 4 0 2 6 2 
7 1 6 8 5 5 2 6 1 2 2 3 5 9 0 6 
