2 8 2 0 1 6 2 9 2 0 8 6 8 5 3 1 
6 2 2 2 5 7 1 5 2 8 3 9 9 8 4 2 
3 4 6 5 9 1 8 0 2 5 5 8 5 1 2 3 
5 4 0 0 1 9 5 0 3 3 5 0 5 7 4 3 
3 1 6 4 1 4 2 8 5 1 4 2 9 2 5 2 
5 4 6 5 8 2 4 7 1 8 7 1 4 7 5 5 
0 6 2 0 6 7 8 8 5 9 8 4 3 7 4 1 
2 2 7 9 7 9 7 4 9 4 5 5 8 3 9 3 
6 4 5 7 8 1 3 0 7 4 5 8 0 0 3 6 
9 9 7 6 7 4 1 9 3 4 9 3 5 6 3 1 
4 1 3 9 6 8 1 9 7 8 6 8 7 3 5 2 
7 1 6 0 1 5 5 5 3 1 0 3 5 6 7 4 
1 2 7 0 6 8 1 9 9 1 0 2 0 8 4 0 
2 3 2 4 0 1 7 4 7 0 6 8 3 7 1 6 
2 7 1 5 0 5 9 5 2 8 7 6 8 2 7 3 
0 4 2 0 8 7 1 8 2 6 3 6 8 1 2 4 
