1 4 7 4 3 1 8 1 7 3 0 6 1 9 8 5 
8 7 6 7 7 3 0 0 6 8 8 9 3 6 2 6 
1 9 6 6 0 6 0 0 0 7 8 0 0 1 3 0 
0 6 1 5 1 3 7 9 0 4 4 7 7 2 8 9 
2 2 7 3 1 2 2 3 0 1 5 8 8 8 3 0 
8 2 8 1 4 4 6 0 2 0 4 2 2 2 8 1 
4 0 1 3 5 5 5 2 1 8 8 3 9 9 8 7 
1 8 9 8 2 9 5 2 3 3 3 7 7 4 3 2 
6 5 5 7 6 5 7 1 1 0 1 6 3 8 0 7 
8 2 0 7 8 9 7 5 7 6 0 2 2 2 2 8 
2 6 6 6 1 7 4 1 4 4 3 9 6 9 1 6 
6 6 8 0 1 1 6 5 0 6 9 3 3 3 6 3 
0 3 2 5 4 5 5 2 1 8 9 0 1 9 9 5 
2 1 2 8 5 4 7 2 2 9 7 9 9 0 1 4 
2 0 6 7 3 7 0 6 7 7 0 4 7 0 8 8 
5 8 1 3 1 9 5 2 1 7 1 4 0 2 4 8 
