5 4 6 3 3 3 8 6 9 3 2 8 0 4 3 3 
8 7 6 0 7 7 2 3 6 2 5 0 6 0 3 5 
0 9 0 0 2 3 4 5 2 6 7 9 6 0 9 5 
4 8 6 5 7 4 6 2 7 3 0 3 9 1 8 3 
0 0 4 1 1 5 4 0 2 1 6 9 1 1 7 3 
2 7 6 3 2 6 2 4 5 5 3 0 5 3 6 4 
9 6 3 1 4 8 9 6 7 1 0 0 6 9 1 5 
4 7 9 0 2 4 5 8 6 4 1 0 1 6 3 5 
7 5 9 6 2 5 5 9 2 2 9 4 3 8 8 6 
5 0 0 1 3 4 4 4 5 9 7 4 1 2 4 8 
1 0 9 8 7 1 7 0 3 9 0 0 1 9 4 1 
6 9 4 4 5 3 2 1 6 3 4 4 3 5 8 1 
5 9 2 8 7 3 8 8 7 6 3 7 0 9 2 0 
7 9 0 4 8 8 5 2 9 8 4 8 9 9 9 9 
2 9 0 7 9 6 7 5 9 1 8 9 2 8 3 7 
1 3 6 4 9 1 8 0 9 9 3 9 8 8 3 2 
