3 9 9 2 4 9 1 5 3 0 6 8 8 4 2 0 
8 1 8 8 1 3 5 8 9 9 4 1 8 2 8 2 
9 8 5 1 2 1 2 9 7 3 9 3 5 2 1 7 
6 2 2 5 7 5 5 6 9 3 0 3 8 5 0 0 
8 1 2 4 9 2 4 1 0 6 8 4 5 5 9 9 
2 7 7 6 7 6 6 8 5 8 1 4 3 3 7 9 
5 2 2 6 1 4 2 6 3 6 4 1 8 0 6 1 
4 8 1 4 3 5 4 3 1 4 6 8 1 6 1 6 
1 5 8 3 6 9 6 6 9 9 6 1 1 8 8 0 
0 4 4 4 4 0 5 4 7 0 4 2 5 7 7 1 
9 3 4 2 6 2 2 6 1 5 3 5 9 5 2 3 
9 4 7 7 2 0 4 6 3 5 2 9 4 9 2 8 
9 6 5 0 4 9 8 3 9 4 2 9 9 4 9 6 
6 0 2 6 9 5 8 8 7 8 2 8 3 4 2 0 
0 5 6 7 5 9 2 7 6 8 9 1 0 6 2 3 
4 1 7 4 4 2 4 7 1 3 7 3 8 5 2 3 
