4 4 8 6 8 1 5 8 0 6 6 1 8 6 8 5 
8 2 1 2 5 7 8 4 9 1 0 7 0 1 8 7 
9 3 3 5 1 2 3 3 6 9 2 0 4 0 7 8 
2 9 6 5 1 4 0 4 2 4 6 7 8 0 5 3 
9 3 3 5 1 4 3 1 6 2 4 9 5 9 6 8 
7 8 3 1 4 6 2 4 8 7 3 6 2 9 8 6 
9 9 3 2 3 1 8 3 7 1 5 4 5 3 7 8 
1 2 3 1 9 3 1 9 4 7 0 1 8 3 9 9 
2 1 5 9 9 8 9 5 4 0 3 2 7 0 6 3 
7 8 9 4 3 3 8 0 7 7 9 7 5 1 4 6 
9 9 9 5 3 1 8 5 6 8 4 8 6 2 1 5 
9 3 1 6 6 4 8 8 6 5 6 9 6 4 6 4 
8 3 9 5 4 1 9 1 7 4 1 6 2 3 7 2 
7 0 5 3 2 6 5 5 2 3 9 8 8 4 5 1 
3 9 5 3 7 5 2 4 2 1 8 2 3 1 2 3 
2 1 6 9 6 8 4 7 8 9 5 7 3 1 7 2 
