7 0 1 4 7 5 3 9 5 4 2 4 2 7 9 9 
3 9 3 4 4 2 0 8 7 2 7 3 0 4 9 2 
8 5 8 3 5 1 3 5 9 9 7 1 3 4 5 9 
2 4 8 6 7 5 9 8 0 8 8 7 6 0 8 7 
8 7 7 1 0 2 7 3 4 8 4 8 4 0 0 9 
3 4 5 0 8 9 6 8 0 7 6 0 9 1 2 3 
2 0 3 2 8 6 7 7 1 6 7 3 3 5 3 7 
5 6 1 6 8 1 9 0 3 6 7 9 0 2 9 4 
9 4 2 2 7 7 3 8 3 3 6 8 7 1 0 2 
8 5 7 5 6 0 4 2 3 4 0 7 5 9 1 4 
9 6 6 9 5 9 1 7 9 7 0 1 0 6 9 3 
1 3 5 6 7 5 1 5 2 8 5 2 7 7 5 8 
4 0 9 6 8 1 2 9 8 5 1 9 0 2 4 1 
3 6 4 7 5 8 1 6 2 2 8 3 8 0 7 4 
6 7 0 3 5 7 7 8 3 6 4 3 0 5 2 8 
0 0 2 3 1 2 6 8 5 6 7 8 7 7 2 8 
