5 2 4 9 3 9 5 6 0 2 2 2 2 8 0 1 
8 7 0 5 4 8 5 7 1 5 6 8 7 5 3 5 
6 4 1 6 9 4 3 6 5 3 8 4 4 0 9 8 
6 8 0 7 0 3 3 7 3 6 5 9 4 5 2 7 
4 0 1 3 9 4 8 0 4 1 0 6 8 3 7 5 
0 6 1 1 9 9 8 9 3 3 3 5 1 4 1 3 
4 4 1 3 0 7 4 2 5 3 5 1 8 5 8 1 
7 3 4 3 4 8 3 7 5 4 3 8 6 8 3 9 
9 4 2 7 8 1 6 1 8 2 4 3 6 4 2 9 
5 2 7 6 5 3 6 3 0 2 7 0 2 9 1 6 
1 2 0 0 6 5 7 5 4 8 6 8 3 0 5 5 
2 4 3 9 2 3 7 7 7 9 0 9 0 2 8 1 
4 2 0 6 7 7 3 3 8 7 1 6 0 0 6 5 
5 6 2 3 2 5 5 2 2 7 9 2 6 2 5 0 
9 7 6 6 5 9 9 0 5 9 1 9 4 0 9 6 
9 6 6 1 4 1 5 4 1 1 3 9 8 8 7 2 
