0 9 5 9 8 8 7 6 8 2 1 5 5 9 6 9 
2 8 3 4 7 2 6 7 1 4 5 3 5 1 0 5 
9 4 8 2 8 3 7 8 9 1 4 1 7 9 6 8 
1 8 3 6 5 3 9 5 4 3 3 5 2 2 6 2 
6 2 9 7 4 1 4 2 2 5 1 0 3 7 8 2 
8 9 1 7 2 6 0 8 0 4 9 8 7 9 7 0 
7 0 9 6 0 3 7 4 8 8 6 9 6 3 4 8 
5 1 5 3 8 3 6 8 9 6 4 8 2 9 7 6 
2 6 6 4 2 6 8 4 4 9 7 9 3 0 5 8 
2 9 9 0 9 2 8 8 4 8 9 6 8 8 2 7 
1 2 8 6 8 9 1 1 6 9 9 0 8 1 4 4 
1 1 1 0 1 7 2 0 9 4 6 2 9 8 1 3 
5 3 3 8 2 5 4 3 9 7 5 0 7 6 6 5 
7 1 5 9 4 4 4 0 5 2 1 4 7 8 8 6 
0 3 8 1 9 9 9 6 4 5 5 2 9 2 3 6 
0 9 1 1 9 0 0 5 0 1 1 1 8 5 7 5 
