9 8 5 7 1 9 8 2 7 7 2 4 2 3 6 8 
9 9 9 1 9 6 3 2 1 9 2 8 5 2 1 0 
2 8 1 8 0 5 9 1 6 3 4 9 7 9 9 6 
5 1 4 5 0 6 9 4 6 7 3 3 1 8 4 3 
2 6 9 1 0 3 5 9 6 7 0 4 2 9 2 3 
2 5 2 9 9 9 0 7 0 8 6 1 5 6 1 0 
2 9 8 6 2 5 7 5 3 9 2 3 4 2 1 6 
2 8 2 5 1 7 2 5 7 1 3 7 6 0 3 4 
1 4 7 1 9 3 2 4 8 7 0 2 7 7 8 2 
7 2 8 3 8 3 4 1 7 2 2 7 3 6 3 7 
4 0 6 0 6 9 5 6 3 3 5 2 1 2 9 7 
7 5 9 2 0 4 0 4 7 2 4 2 0 3 5 2 
1 7 7 3 6 4 8 0 7 7 5 2 5 9 9 5 
7 2 7 9 1 2 4 6 4 3 4 6 9 1 1 5 
9 4 4 8 0 2 2 2 5 8 9 0 0 3 5 5 
7 3 6 8 0 0 6 6 7 6 4 6 0 8 5 0 
