0 2 0 6 3 6 9 3 1 4 2 6 9 2 4 6 
1 4 8 6 4 2 8 1 5 8 2 0 0 7 1 2 
1 7 0 2 2 2 6 4 3 1 6 3 4 1 9 9 
8 7 8 7 9 7 6 8 3 7 3 3 2 4 7 6 
1 4 8 6 0 5 1 1 5 1 3 0 1 4 1 7 
7 1 5 9 4 9 4 0 4 5 2 8 0 5 8 4 
0 5 4 4 3 3 3 3 3 6 2 8 1 6 9 5 
5 0 8 6 0 7 9 1 8 9 3 9 8 6 6 6 
6 9 9 0 4 5 0 8 7 0 0 6 7 1 5 2 
5 4 6 5 7 5 7 4 7 1 0 0 8 5 6 5 
8 5 4 9 7 1 0 6 6 7 9 8 7 0 1 2 
3 0 4 8 3 9 7 1 1 6 7 5 8 5 1 2 
1 7 1 7 6 6 5 0 0 8 6 5 4 2 6 9 
0 5 7 0 7 5 8 5 3 6 2 9 9 5 1 8 
6 4 5 0 6 1 3 3 8 9 8 9 6 7 1 2 
5 1 1 7 7 2 4 2 6 9 0 6 5 9 4 3 
