7 7 9 6 5 9 9 8 3 2 1 0 5 2 8 1 
7 5 0 3 0 4 5 2 2 5 7 8 7 4 7 2 
4 8 5 2 4 5 7 5 8 6 5 1 0 5 2 7 
2 3 1 9 3 9 3 3 4 1 7 8 1 5 8 0 
4 8 9 3 3 0 4 2 1 3 8 6 6 0 7 1 
5 8 1 5 3 6 5 2 8 6 6 8 6 5 3 2 
7 3 0 7 4 0 7 3 6 5 6 9 2 4 7 6 
8 3 7 5 8 7 3 9 4 8 2 8 7 2 0 7 
6 4 1 3 9 1 6 0 0 4 4 0 9 8 4 1 
4 0 6 5 6 9 6 1 4 2 9 5 2 0 9 4 
3 6 3 0 4 3 0 0 9 1 2 1 3 1 7 8 
3 7 1 3 9 7 7 7 6 2 3 2 5 3 4 2 
6 9 9 0 6 5 3 2 4 4 4 4 3 7 1 5 
0 5 5 5 8 7 2 1 9 1 0 6 9 8 4 2 
6 6 0 2 4 7 3 7 4 1 4 5 4 5 9 1 
8 6 1 1 1 9 0 3 8 1 5 3 1 7 2 6 
