8 4 7 4 0 1 5 8 0 2 2 1 2 3 8 5 
5 6 0 0 1 3 4 1 7 6 2 1 8 5 1 0 
8 8 0 6 7 5 4 7 2 9 9 4 0 4 8 1 
5 7 5 4 4 3 0 8 4 1 2 6 1 5 3 2 
5 7 6 4 2 7 8 1 0 0 9 2 2 3 7 7 
1 2 7 7 3 7 9 4 0 7 7 8 6 3 8 1 
4 4 3 4 1 0 7 7 2 8 5 3 7 9 4 1 
4 0 1 3 0 8 9 9 4 2 7 6 2 7 2 8 
6 0 6 4 7 2 2 2 3 6 6 0 2 7 3 8 
2 8 2 8 1 0 6 6 7 5 7 5 9 1 5 9 
7 0 3 3 5 4 3 8 5 2 6 0 0 9 1 8 
4 8 2 1 2 2 2 7 1 7 5 0 9 3 9 0 
8 9 8 6 8 2 5 6 5 5 9 4 1 8 0 7 
2 6 8 5 0 1 8 6 9 2 6 5 8 3 9 6 
5 4 0 5 4 4 5 4 2 8 7 5 1 1 2 9 
9 6 7 1 0 0 1 5 9 3 3 4 5 1 4 9 
