9 7 2 2 7 3 2 7 4 4 9 7 8 1 8 5 
0 6 5 3 4 4 3 9 3 8 3 6 7 5 4 9 
5 4 6 4 1 3 7 5 5 8 9 1 2 4 9 1 
0 0 8 8 6 8 1 2 7 6 5 8 8 3 9 4 
2 0 6 0 6 6 2 4 9 5 1 2 3 8 9 3 
0 1 8 3 3 7 5 4 5 6 8 3 7 5 0 2 
5 7 0 1 1 9 8 3 8 2 8 7 8 5 1 7 
8 5 9 6 3 3 7 8 5 2 2 9 7 5 2 0 
6 9 3 3 9 9 9 6 7 1 1 3 7 3 8 2 
0 3 5 3 5 9 7 1 4 5 8 1 1 7 1 8 
4 5 3 1 8 9 0 6 4 3 7 4 2 2 0 3 
1 9 0 0 4 1 1 3 3 9 1 9 4 3 9 5 
5 8 1 5 9 7 2 4 5 0 9 3 6 6 1 3 
5 3 5 8 8 7 5 0 5 7 6 0 6 5 2 5 
3 3 7 8 5 6 4 5 7 7 0 6 0 3 1 2 
4 4 9 8 0 6 7 7 9 6 5 1 5 5 0 9 
