6 2 1 5 4 8 8 7 4 3 2 2 3 8 7 6 
1 6 7 5 6 1 9 1 1 8 3 2 2 9 5 3 
9 9 5 5 7 0 8 3 1 2 0 8 5 0 9 1 
8 9 2 9 6 3 3 5 4 3 9 1 8 5 5 1 
7 5 9 3 1 8 2 6 4 9 1 6 2 5 5 4 
8 1 9 1 4 1 2 6 5 2 2 3 3 8 3 3 
6 3 6 3 9 0 2 8 3 5 4 4 2 0 1 6 
2 5 8 3 2 8 6 9 0 1 6 1 7 7 8 9 
0 9 0 2 2 5 2 7 1 7 4 8 1 5 2 3 
5 5 8 8 2 6 2 8 3 5 4 8 4 3 0 0 
3 1 6 0 3 6 9 7 5 6 7 2 2 1 4 8 
6 9 7 6 4 7 4 1 6 8 8 1 2 9 0 0 
3 5 2 8 5 0 7 3 5 7 2 7 5 1 6 5 
2 7 6 3 9 8 1 3 5 7 6 6 6 9 3 1 
6 5 4 1 4 7 2 2 3 6 1 3 2 0 9 4 
3 6 8 6 8 6 4 4 8 9 1 5 3 7 5 1 
