6 7 8 0 6 0 2 6 9 4 8 7 8 5 5 6 
8 4 5 9 9 8 9 1 7 2 4 6 4 2 8 0 
3 1 1 2 5 6 3 1 9 8 0 4 1 9 6 4 
6 4 6 1 5 8 6 2 0 8 9 6 5 0 1 7 
3 7 9 3 2 8 2 0 9 9 5 5 9 8 7 9 
6 4 9 4 4 6 1 6 2 2 3 2 5 3 3 4 
7 6 8 3 6 5 8 7 6 2 8 4 6 1 3 5 
7 7 2 8 1 7 1 7 7 8 7 1 0 6 0 5 
4 8 7 8 4 2 6 2 2 8 7 4 0 8 3 8 
3 9 1 3 8 9 1 4 4 5 7 1 2 0 2 3 
4 7 6 1 2 2 8 2 6 1 7 8 3 7 0 8 
2 7 6 9 8 2 7 5 7 6 9 0 0 8 9 5 
1 4 4 4 0 9 0 5 1 6 6 3 3 6 6 8 
6 5 2 1 1 8 6 5 5 2 7 6 8 4 7 6 
7 8 4 5 8 0 0 5 9 9 7 0 9 8 8 2 
8 9 7 2 1 9 4 9 4 4 1 4 0 8 9 0 
