3 5 3 5 5 7 2 5 5 2 7 6 0 7 7 8 
1 1 6 4 9 2 7 7 3 8 6 2 3 1 6 1 
3 4 5 2 8 3 6 8 0 6 5 6 9 0 9 6 
7 1 6 6 2 8 6 4 6 9 9 4 3 5 7 8 
5 4 6 7 7 7 0 2 9 7 0 9 8 0 4 2 
7 0 0 0 9 8 2 1 7 7 9 6 5 5 4 2 
0 4 0 0 7 0 4 7 6 0 2 8 8 4 8 3 
5 0 7 3 1 6 9 5 4 4 7 6 1 2 9 2 
9 5 9 7 3 5 3 2 7 1 4 6 6 9 5 1 
9 8 0 1 4 8 4 2 1 4 0 7 1 2 9 3 
1 1 1 5 9 5 3 4 4 2 7 2 0 2 1 0 
0 0 6 0 0 4 8 3 4 7 3 2 9 1 8 0 
5 3 3 5 6 9 3 0 4 8 4 2 3 2 9 7 
6 5 9 0 2 2 6 0 4 2 2 9 3 9 4 6 
7 0 7 5 4 8 1 4 8 5 0 6 6 5 6 7 
3 5 8 1 6 1 1 2 2 9 0 3 4 0 1 5 
