5 9 6 3 6 4 6 9 5 9 7 3 4 7 7 7 
5 7 2 7 2 4 6 8 9 7 1 5 9 8 4 4 
4 2 7 9 3 1 2 3 6 5 0 2 1 6 1 0 
2 8 5 5 7 8 7 3 8 9 6 0 6 0 4 2 
3 2 1 6 8 1 2 5 3 1 8 3 9 8 5 3 
7 9 3 8 5 6 6 7 5 3 7 6 7 4 6 6 
5 4 0 1 0 8 9 8 2 8 0 3 2 8 5 4 
1 1 0 9 3 4 3 3 8 3 9 8 9 5 5 6 
7 8 5 6 4 1 8 8 4 9 8 7 1 4 7 8 
0 4 6 2 4 4 4 1 9 3 3 5 3 9 2 3 
6 8 4 8 2 7 4 9 4 6 5 9 5 8 7 8 
1 6 7 7 3 6 4 2 6 6 9 8 2 9 3 3 
1 8 7 9 2 5 0 1 7 6 5 6 1 8 3 2 
1 8 5 9 1 4 6 2 1 8 5 2 0 0 7 4 
4 9 6 2 0 9 1 5 2 8 6 1 1 5 4 2 
8 7 4 5 5 1 8 3 7 5 8 4 6 9 7 6 
