9 2 4 4 5 1 5 4 5 7 9 5 7 9 0 9 
1 4 9 6 1 9 0 8 5 8 1 1 8 4 5 1 
6 0 9 9 3 9 0 7 4 0 5 2 9 4 9 8 
8 4 8 2 2 7 8 3 4 8 9 1 8 9 8 5 
0 7 5 2 2 0 5 8 0 7 1 7 9 3 2 4 
0 0 7 6 0 3 8 1 4 7 7 3 1 6 9 0 
5 5 9 0 4 4 6 8 8 1 9 7 8 0 0 7 
2 6 9 7 6 4 0 2 0 2 1 4 2 6 5 6 
3 1 1 3 5 8 9 7 1 1 8 6 1 7 4 0 
6 2 4 3 4 4 9 9 3 5 8 8 0 9 9 7 
9 7 2 0 2 7 2 9 7 6 1 7 3 0 1 4 
9 0 3 5 2 8 0 5 4 1 9 0 9 4 9 0 
7 6 4 4 6 1 8 1 2 8 0 4 4 8 3 4 
9 5 1 6 0 6 4 7 7 9 7 4 8 8 4 7 
5 6 6 5 9 8 8 9 7 3 0 5 5 9 3 7 
7 5 2 8 5 6 2 7 8 3 1 8 6 8 6 4 
