7 1 8 9 9 9 1 1 2 2 8 7 9 3 6 6 
9 3 3 3 6 2 6 9 6 9 3 5 8 2 4 1 
3 1 2 4 9 5 9 5 5 5 2 4 9 6 0 0 
8 2 5 8 7 9 8 2 6 9 3 9 4 0 1 5 
6 1 6 8 0 4 9 0 8 8 1 1 3 9 3 9 
2 4 6 2 0 5 9 0 0 4 7 1 4 9 7 6 
9 2 7 6 3 7 1 2 2 4 9 4 8 0 7 2 
0 0 8 7 9 1 5 1 4 5 3 0 2 1 3 8 
2 1 8 6 1 1 5 3 5 3 1 5 8 0 4 2 
0 7 3 0 4 9 7 2 8 1 3 1 4 6 2 2 
7 5 9 0 4 9 7 0 7 2 1 4 4 6 0 1 
5 8 3 7 5 8 0 7 2 0 4 9 9 2 4 8 
4 8 8 5 9 8 1 2 5 2 9 8 9 4 9 7 
1 9 2 9 5 2 5 7 3 7 8 0 1 2 2 9 
0 8 9 5 9 7 2 3 1 3 9 2 3 8 0 2 
1 4 9 6 6 7 3 8 9 3 1 3 4 7 5 0 
