8 0 6 2 6 2 1 8 3 6 6 0 2 3 8 4 
0 1 8 3 1 7 5 3 5 0 3 0 3 1 6 4 
1 8 3 9 9 1 7 8 4 8 7 5 6 7 6 2 
5 2 4 8 4 5 7 2 6 7 1 1 7 9 0 7 
4 5 4 7 4 1 3 9 7 3 8 4 2 0 1 7 
2 4 5 9 2 6 2 2 4 8 0 1 2 4 4 6 
1 6 2 5 1 4 7 1 4 9 7 9 7 1 7 7 
8 2 9 1 7 1 9 5 7 2 7 8 9 1 9 5 
9 8 3 7 8 2 7 2 5 4 1 1 6 3 9 0 
7 6 5 9 3 3 1 6 7 1 4 3 5 3 7 4 
8 9 1 8 0 5 2 2 3 4 3 5 3 6 5 5 
1 8 9 1 9 9 9 0 3 2 6 8 0 0 7 2 
5 7 8 8 9 1 6 2 1 1 9 3 2 4 7 9 
9 7 9 0 0 5 4 4 4 6 1 7 1 4 8 7 
7 8 7 9 4 1 2 6 8 8 4 8 5 3 9 7 
2 7 2 2 4 0 7 8 1 5 6 1 9 6 6 3 
