1 1 2 1 7 7 6 3 7 7 4 4 9 6 6 5 
6 1 0 1 9 0 5 0 7 2 8 5 2 2 2 9 
8 7 1 8 2 9 1 1 2 5 9 3 7 3 0 7 
5 8 8 6 9 5 7 5 6 9 5 3 7 3 7 9 
6 7 1 5 8 0 3 0 6 0 2 9 0 1 4 3 
5 5 1 7 1 3 3 4 5 3 9 6 5 2 6 5 
9 2 2 0 8 5 9 1 2 0 9 1 1 6 9 0 
5 1 3 6 9 9 6 9 9 2 5 4 4 0 1 1 
9 0 8 9 9 3 3 2 6 2 9 7 3 7 5 1 
4 1 3 1 8 2 4 5 6 3 9 2 6 1 9 8 
5 8 5 5 9 2 5 5 9 8 7 9 7 5 6 7 
7 9 0 1 3 0 9 3 5 1 9 3 8 7 2 3 
1 6 5 4 9 2 9 8 7 3 2 8 1 7 3 1 
5 1 9 8 9 2 5 8 1 2 1 2 2 7 9 1 
5 4 6 0 2 1 9 8 6 4 8 6 1 0 3 1 
2 8 1 0 6 6 2 6 0 1 2 2 0 6 9 8 
