2 9 3 6 8 7 4 4 9 3 0 6 3 9 7 1 
6 4 5 3 2 0 6 9 7 0 4 8 7 7 5 9 
1 9 0 9 0 3 8 0 4 0 0 0 3 5 2 3 
6 8 9 1 3 6 3 6 1 1 2 5 3 1 9 2 
1 9 9 4 4 5 0 9 0 5 2 1 9 7 4 8 
4 6 8 1 8 2 3 3 6 8 4 8 9 1 8 7 
4 6 1 8 7 1 0 2 6 0 2 0 6 4 2 6 
7 6 4 3 8 9 3 4 0 4 3 5 3 5 4 4 
6 3 7 7 8 1 5 2 1 9 1 0 5 8 4 0 
9 6 5 2 5 4 3 3 2 3 8 3 7 2 4 3 
8 8 1 2 3 6 0 2 8 3 7 8 5 9 8 3 
7 1 2 4 8 3 8 0 3 6 9 9 1 7 9 0 
9 7 6 1 9 2 6 6 2 0 0 5 1 9 1 5 
8 8 2 7 7 3 4 2 3 7 9 6 3 2 0 7 
8 7 7 8 8 1 4 0 7 4 7 0 9 7 3 7 
1 0 5 2 1 0 0 2 6 5 7 8 5 3 0 2 
