0 8 8 0 5 2 7 7 8 3 9 0 6 6 8 7 
6 3 0 6 2 8 4 7 8 0 5 2 0 0 8 5 
7 3 5 3 1 0 0 5 6 5 7 2 3 7 5 6 
5 7 7 5 9 3 1 1 9 5 3 6 5 6 3 7 
3 6 8 7 7 0 2 0 7 7 5 4 7 8 2 4 
2 4 7 8 6 9 0 6 1 4 9 3 0 4 0 5 
8 8 5 5 6 0 3 1 3 1 8 3 6 3 0 5 
0 0 4 1 9 6 2 4 8 1 7 6 3 4 5 4 
3 9 2 5 5 0 1 6 5 5 3 6 2 4 9 1 
4 9 8 3 3 8 8 8 4 3 5 3 7 1 5 8 
1 8 7 1 9 2 7 3 3 4 2 0 7 5 5 1 
7 6 8 7 9 6 6 8 7 3 8 7 3 9 4 7 
2 6 1 2 8 8 8 7 4 0 0 2 1 0 4 3 
9 6 1 6 1 9 6 3 7 0 0 2 8 6 6 2 
5 9 2 7 9 6 9 8 9 6 4 0 5 1 6 3 
6 3 2 8 4 9 9 1 3 0 5 0 4 7 8 3 
