8 6 1 6 1 6 0 2 1 2 1 7 5 6 0 6 
9 5 3 8 6 4 9 6 6 9 5 1 6 5 1 9 
0 0 2 4 1 0 1 3 3 1 6 7 1 9 5 0 
3 6 3 7 9 5 6 2 3 7 3 2 3 5 6 4 
3 1 1 4 8 2 4 7 9 5 9 2 3 0 0 3 
5 9 5 7 8 3 0 7 1 8 8 8 4 5 3 1 
1 1 0 5 6 1 9 7 7 2 8 2 7 3 9 5 
3 7 0 7 4 1 6 3 1 1 0 8 6 7 9 1 
3 3 0 4 5 6 2 1 1 0 8 4 3 7 6 5 
3 0 1 2 8 3 0 3 2 8 8 4 4 8 6 8 
9 4 4 7 8 3 3 1 1 0 1 8 0 8 2 1 
7 5 6 2 5 7 4 8 9 3 2 2 3 8 3 9 
9 4 2 2 0 9 9 9 4 2 8 6 0 8 1 5 
3 0 3 6 8 9 5 4 7 9 9 8 5 5 1 4 
2 0 9 9 3 1 9 6 7 7 1 4 8 4 7 1 
6 3 3 3 0 5 7 1 0 4 9 5 8 1 1 8 
