1 0 3 6 7 8 4 7 1 2 3 3 2 8 1 1 
8 2 8 4 8 0 7 0 0 9 5 9 8 6 5 4 
6 2 8 9 7 4 6 0 0 1 2 6 4 1 3 3 
0 8 4 5 7 0 6 2 0 5 7 6 2 0 9 7 
7 0 0 0 7 9 6 4 8 1 4 4 0 5 5 6 
6 8 4 6 1 6 9 6 5 2 4 1 1 5 2 0 
2 1 9 0 5 7 4 8 1 0 9 8 3 0 5 5 
4 8 3 4 0 5 0 4 1 7 5 7 8 0 9 8 
2 4 8 5 5 4 9 0 0 8 0 7 6 4 6 3 
3 1 2 9 4 1 9 3 3 3 8 9 4 3 6 1 
5 4 1 7 7 1 2 6 4 0 4 6 6 4 6 5 
5 4 2 1 8 1 3 9 8 8 4 2 8 6 1 1 
1 6 4 7 7 1 1 0 6 5 1 3 3 4 6 1 
8 9 2 5 6 9 2 1 4 2 6 4 1 6 6 7 
7 3 4 9 9 5 5 5 5 3 9 0 8 5 7 0 
9 4 6 2 2 5 5 0 5 8 2 1 0 8 2 4 
