4 9 8 3 8 2 2 5 9 2 0 3 7 0 0 9 
2 8 1 3 9 9 3 6 4 5 1 6 4 3 9 4 
6 2 1 8 5 8 9 2 3 8 6 1 9 1 8 0 
0 4 4 1 7 4 6 4 2 8 8 4 7 5 2 1 
1 8 1 0 0 9 9 9 6 7 7 5 2 9 9 7 
9 8 5 8 1 3 0 7 2 0 2 6 2 2 7 1 
8 1 8 2 0 1 3 5 7 4 6 0 6 6 0 2 
0 9 4 5 4 0 5 2 6 4 4 2 0 4 3 3 
7 1 5 1 1 0 4 7 5 9 9 3 9 8 9 9 
6 4 5 0 4 1 2 9 3 7 5 2 9 9 5 2 
2 9 6 6 2 6 8 4 4 6 3 3 9 8 1 9 
9 2 3 2 8 3 5 2 0 6 7 6 3 6 9 2 
4 9 9 7 6 3 5 1 3 4 9 0 2 2 4 9 
5 2 8 9 4 8 8 1 5 2 0 2 3 9 4 7 
0 2 1 4 3 2 0 4 4 3 3 1 3 9 9 4 
2 2 7 8 5 8 3 9 6 6 3 9 2 9 4 3 
