5 7 7 6 1 1 3 7 8 1 9 5 3 5 3 4 
9 8 7 7 3 5 8 5 2 2 7 3 8 0 5 9 
0 9 5 6 4 8 0 6 0 5 2 3 1 8 4 9 
4 3 1 8 4 5 4 0 3 9 7 0 3 3 7 6 
7 0 2 9 0 5 3 7 6 8 6 0 3 5 9 1 
5 2 8 4 2 1 8 8 9 7 8 5 4 5 0 8 
5 6 1 5 1 3 3 3 1 9 0 1 7 0 5 0 
2 3 0 4 1 7 6 5 5 8 4 9 9 3 6 6 
3 7 5 7 4 8 0 6 9 0 8 3 1 6 8 5 
5 7 8 8 2 4 0 9 5 0 6 5 7 1 9 0 
6 6 7 4 2 3 6 6 3 9 7 9 3 7 3 8 
1 0 5 2 9 9 3 7 6 0 9 6 9 3 9 0 
9 4 1 0 5 2 5 3 6 3 8 7 3 2 4 8 
5 4 5 5 0 8 0 1 9 6 1 9 5 2 5 4 
6 5 3 4 2 2 5 2 8 6 6 5 0 9 7 7 
8 6 8 0 7 1 4 0 7 5 5 9 1 1 9 0 
