2 1 1 4 7 5 1 1 4 2 8 1 9 0 1 1 
1 0 3 6 7 5 9 6 2 8 6 9 1 3 0 9 
5 0 3 7 0 1 0 0 8 2 6 4 9 5 7 4 
1 8 5 2 3 6 1 6 6 3 8 5 2 9 8 1 
5 6 3 3 5 6 3 6 8 5 3 0 3 6 2 5 
1 3 2 5 8 7 2 1 0 1 3 5 0 7 0 4 
1 6 1 3 7 1 7 1 2 9 3 8 3 1 0 3 
3 4 8 7 2 8 6 6 2 2 0 4 9 4 7 4 
0 9 2 8 1 9 0 6 7 1 4 5 0 5 4 5 
1 6 1 3 6 2 4 1 6 0 3 3 8 0 3 3 
1 6 7 7 0 7 1 5 4 2 9 0 2 7 6 5 
2 1 9 9 7 0 8 3 5 8 1 6 6 8 9 8 
9 7 0 0 3 8 1 3 4 9 0 9 6 2 7 6 
9 7 3 2 9 0 6 0 8 2 0 6 0 7 2 0 
8 6 5 7 3 7 7 0 9 4 6 2 8 8 7 6 
3 2 7 7 1 8 0 5 2 9 7 0 0 9 1 9 
