4 1 5 1 3 2 3 2 7 8 6 8 2 3 7 1 
5 0 3 1 5 8 9 7 8 5 4 6 6 5 2 5 
1 5 2 9 2 1 5 1 6 1 6 9 8 8 4 0 
9 9 6 0 7 7 5 3 3 5 2 0 0 7 6 1 
0 5 5 7 7 4 8 9 6 4 6 1 6 5 6 8 
0 3 4 6 5 2 8 9 0 3 4 9 2 1 3 9 
0 9 3 2 7 8 2 1 9 9 2 3 5 9 6 1 
8 3 4 6 7 6 1 5 4 6 9 1 0 5 4 9 
7 0 3 3 5 7 6 1 6 8 3 1 6 1 4 6 
5 2 9 6 3 2 3 3 4 7 5 5 8 4 9 1 
2 0 4 5 6 9 9 4 3 0 5 3 7 5 6 2 
9 8 7 7 6 3 3 2 9 3 8 9 9 2 8 3 
4 7 6 0 7 9 1 4 3 7 4 7 7 2 7 2 
1 6 9 8 8 4 3 6 5 8 2 1 8 4 8 8 
3 5 2 8 7 4 5 7 6 4 0 1 6 4 8 6 
0 7 2 4 7 5 3 4 4 0 4 7 1 0 9 4 
