4 6 9 8 8 2 2 6 5 5 5 1 2 7 9 1 
0 4 1 7 1 3 6 1 7 9 5 0 4 2 1 0 
5 1 4 7 6 8 9 2 0 3 0 7 0 6 7 4 
5 8 9 0 4 6 1 5 7 7 0 1 4 3 1 4 
3 3 4 6 2 6 4 5 6 4 7 1 4 1 1 9 
7 3 8 9 9 1 0 8 2 0 8 9 8 3 3 6 
7 8 0 2 6 6 7 8 9 0 9 9 2 6 8 2 
9 9 6 6 2 2 3 1 9 8 2 0 7 5 9 8 
8 7 8 3 2 9 2 3 2 5 3 1 3 0 5 9 
4 1 0 8 1 9 2 3 6 4 0 8 8 4 2 4 
1 6 8 9 4 4 2 2 5 5 1 2 3 2 6 9 
4 5 5 4 2 9 0 9 9 9 9 9 3 4 3 9 
7 4 3 4 8 8 3 0 7 5 4 4 4 3 8 2 
7 9 4 5 6 3 9 4 2 5 7 3 1 8 7 3 
9 0 7 4 9 8 2 4 7 4 3 4 3 1 8 2 
1 8 7 6 2 6 9 3 3 9 8 8 2 4 1 2 
