8 5 5 8 0 2 9 0 7 9 6 4 1 7 1 0 
7 5 0 7 5 1 5 1 5 2 9 9 0 7 8 5 
0 4 0 5 0 0 1 0 7 1 9 2 0 4 2 0 
6 5 5 8 1 3 2 0 4 8 0 9 4 1 3 1 
1 3 7 4 0 6 2 7 0 9 8 5 9 1 1 1 
3 6 9 0 9 4 6 6 4 4 2 7 1 4 4 7 
5 9 4 6 6 9 6 6 1 3 2 9 2 3 4 7 
7 0 1 0 9 4 4 6 1 2 3 9 9 1 1 0 
6 9 8 1 0 6 8 6 9 2 7 0 0 0 5 0 
1 3 5 3 1 0 4 1 7 0 8 5 5 9 4 8 
9 7 9 8 9 6 8 4 0 0 3 7 3 5 1 9 
7 3 3 5 8 9 5 7 9 6 1 3 9 5 0 7 
9 6 8 8 3 4 8 4 9 5 8 7 2 6 6 4 
5 4 5 3 7 6 1 5 2 2 6 3 4 6 4 0 
3 1 6 3 4 2 6 2 1 9 7 3 9 3 1 9 
6 5 8 0 6 8 1 7 8 3 0 9 5 3 4 2 
