4 3 7 9 3 8 8 6 4 2 3 6 0 9 1 1 
3 8 5 1 6 9 3 9 2 1 8 6 9 9 9 3 
4 4 1 4 3 6 2 4 6 8 0 8 6 4 4 3 
3 5 1 6 9 7 9 7 4 6 6 7 0 5 0 1 
0 8 9 0 4 5 0 3 9 9 6 0 9 4 3 8 
4 7 6 2 3 1 4 4 0 9 3 8 8 5 9 9 
0 6 1 6 2 1 4 9 5 9 3 9 3 8 6 7 
9 2 5 0 5 3 8 4 7 4 8 4 9 9 5 0 
1 0 2 9 5 2 4 6 0 3 8 8 0 6 1 0 
6 1 5 6 9 8 5 8 1 9 5 9 3 1 0 7 
0 1 0 3 3 2 6 7 5 4 8 1 8 5 5 9 
4 2 6 0 2 5 6 2 3 6 2 9 0 0 1 8 
4 2 9 5 7 5 2 9 2 2 0 4 3 1 6 6 
1 1 7 1 3 5 9 0 1 6 1 6 2 7 0 8 
5 1 9 2 7 0 3 8 9 7 1 3 4 2 9 7 
9 4 7 6 8 0 4 9 4 4 8 9 5 1 8 5 
