3 7 3 1 5 3 2 3 7 1 5 5 7 8 2 2 
2 5 1 4 7 0 0 6 6 5 9 4 8 1 5 6 
1 7 4 9 5 7 3 1 9 9 9 0 6 9 0 7 
4 7 1 4 1 1 6 8 6 4 1 0 5 5 5 7 
9 8 8 7 8 4 3 4 3 9 6 8 3 8 7 9 
2 6 4 6 1 7 1 8 1 8 5 5 0 5 2 6 
9 0 3 2 9 7 5 8 5 5 9 5 1 1 9 1 
4 9 9 3 8 7 9 6 1 2 8 8 2 2 8 3 
5 3 1 0 2 3 3 0 2 7 8 6 0 1 3 2 
5 8 4 5 2 5 1 9 5 8 0 1 4 0 8 9 
5 1 6 4 6 0 3 2 2 2 5 6 6 2 7 0 
6 7 6 1 2 5 4 0 8 4 4 4 9 6 6 1 
3 3 5 4 7 9 8 5 9 5 4 4 4 4 0 2 
3 8 8 9 1 8 6 0 2 9 4 2 2 1 4 7 
8 3 7 9 6 8 6 3 8 4 5 9 5 1 5 3 
2 4 7 1 1 3 4 5 9 4 8 6 2 5 1 4 
