7 5 2 0 9 1 0 4 7 0 0 3 8 8 7 0 
8 1 5 4 0 1 9 4 1 4 9 5 8 2 8 3 
7 8 2 2 1 7 6 2 2 3 7 8 0 5 4 5 
8 2 7 1 3 3 7 5 0 0 3 3 8 9 5 1 
2 6 8 8 6 0 2 0 0 2 9 7 7 2 5 2 
6 3 5 9 1 2 6 8 4 0 5 1 9 1 8 4 
9 3 3 1 8 7 0 8 6 5 5 9 1 9 3 9 
1 4 4 6 4 5 8 4 7 6 6 8 3 1 5 3 
9 0 8 7 6 1 7 3 4 5 8 0 6 6 1 9 
0 3 4 2 3 4 4 3 7 7 4 4 9 6 3 1 
8 1 7 1 0 4 2 2 6 3 5 6 1 6 9 1 
6 8 7 1 0 1 6 8 8 1 6 2 4 2 9 3 
6 6 6 9 7 7 6 3 6 8 4 2 0 3 5 2 
0 2 8 7 8 6 2 8 0 6 0 8 8 9 2 6 
3 2 9 2 1 7 1 7 3 4 3 4 0 3 2 0 
1 6 7 2 0 3 6 9 9 7 7 4 6 5 3 5 
