0 5 9 8 1 1 8 4 2 2 5 0 9 7 1 1 
8 8 7 5 1 4 1 8 8 1 8 5 3 2 7 6 
2 3 4 1 4 4 4 8 5 1 8 5 3 6 3 1 
2 2 7 4 4 9 9 4 2 5 5 7 3 1 4 9 
0 0 1 0 6 8 3 0 8 7 5 1 9 1 2 7 
5 5 1 7 6 8 8 0 5 6 0 9 8 6 1 4 
0 3 0 0 0 3 6 4 6 8 4 5 2 3 7 3 
9 1 3 5 2 3 6 6 4 5 5 8 4 7 1 6 
6 0 1 9 3 8 9 2 1 4 7 0 3 7 0 0 
6 4 1 9 1 2 0 9 9 4 0 1 1 8 5 5 
4 8 5 0 3 3 4 6 6 9 1 5 1 9 1 9 
4 9 4 9 7 0 3 5 9 4 8 9 7 6 5 2 
7 2 0 2 5 1 9 4 7 1 1 0 7 1 7 2 
2 6 2 9 2 6 1 1 1 9 8 4 5 9 2 4 
1 2 8 4 7 0 3 0 2 5 3 4 0 7 6 4 
3 9 6 3 9 9 0 1 0 9 9 5 3 0 3 8 
