5 9 5 0 5 6 9 0 7 0 7 8 1 2 8 2 
9 3 3 1 2 3 5 5 0 4 5 1 3 7 4 1 
0 4 4 1 6 1 8 5 2 3 7 0 3 8 1 8 
1 1 0 7 2 9 3 9 3 9 3 9 3 0 1 6 
6 6 1 1 5 3 5 6 7 3 3 3 9 2 0 4 
3 5 8 0 7 5 9 0 6 3 7 7 6 5 0 8 
5 4 0 0 7 0 7 6 8 8 6 1 1 8 6 7 
6 0 0 4 8 9 3 2 2 4 9 6 5 4 4 0 
2 1 5 7 3 1 2 8 5 8 4 8 1 0 6 2 
6 8 5 2 8 2 2 0 0 8 9 0 9 3 5 2 
0 5 4 0 8 0 9 2 1 5 4 0 9 3 2 0 
0 9 2 7 3 2 0 6 4 2 8 4 2 4 0 9 
8 0 6 3 5 4 9 1 6 6 6 4 5 8 4 7 
5 7 5 4 4 5 1 8 0 8 9 2 7 6 4 7 
6 5 9 6 7 6 4 0 3 2 9 5 9 1 9 3 
2 8 3 9 2 3 9 3 2 0 1 6 8 5 6 7 
