7 9 6 1 0 4 6 1 5 9 6 2 2 1 8 8 
0 0 4 2 7 5 8 5 9 6 3 5 1 3 9 3 
5 0 5 0 1 5 2 7 2 5 6 0 9 8 0 5 
1 6 4 8 7 4 6 4 8 7 6 7 1 2 3 7 
9 0 5 5 4 1 7 2 7 0 8 2 8 1 1 8 
8 1 6 2 8 8 6 0 6 4 5 9 2 1 1 7 
4 9 5 5 7 9 5 2 0 6 7 1 2 2 2 3 
6 5 8 4 6 9 0 8 0 4 9 8 5 1 4 0 
9 7 6 4 8 4 6 7 8 1 0 8 1 2 9 1 
8 4 8 4 5 9 6 1 7 8 7 1 9 9 2 8 
3 1 5 9 1 8 1 3 1 1 6 1 9 0 6 9 
3 1 7 7 3 0 2 5 3 9 0 5 3 3 7 9 
4 9 1 2 1 7 0 6 1 9 8 0 7 1 4 1 
5 7 0 2 1 1 4 5 6 2 9 5 2 9 3 8 
0 8 3 8 8 9 4 3 9 7 1 0 9 5 6 5 
5 1 1 9 7 6 8 5 1 2 1 6 9 9 3 8 
