0 1 8 4 4 7 2 5 4 8 8 9 5 6 6 8 
6 9 9 2 7 0 0 1 3 8 1 1 1 3 5 1 
9 1 7 1 1 7 5 8 1 9 5 4 3 8 9 0 
9 1 5 5 7 6 9 5 4 5 7 9 4 3 2 6 
4 2 9 3 5 3 0 3 6 1 3 8 2 9 2 6 
0 2 2 5 4 2 3 1 5 4 2 0 4 0 8 8 
4 1 3 1 0 2 6 9 2 2 4 3 4 9 6 5 
2 4 3 3 9 0 8 7 1 6 5 4 2 6 5 5 
8 5 0 7 3 0 3 9 0 7 7 6 1 9 7 4 
4 8 8 2 9 5 0 6 8 7 1 8 7 1 7 9 
1 2 3 6 1 3 8 4 6 0 1 0 5 5 0 7 
5 0 4 2 9 7 4 1 7 7 8 6 4 0 1 7 
0 5 6 0 2 8 0 1 9 9 6 1 4 8 4 0 
4 2 3 6 3 9 3 7 5 9 4 5 8 1 9 8 
6 2 9 5 0 2 8 9 8 3 8 6 4 4 4 4 
6 4 7 7 0 6 1 3 9 2 7 4 0 8 7 9 
