0 6 7 4 7 4 5 7 1 8 9 9 8 7 1 6 
4 6 7 9 7 0 0 6 9 8 4 6 7 7 2 9 
6 6 4 4 3 5 8 3 2 3 4 1 0 0 0 2 
0 0 7 1 7 8 0 1 9 3 5 6 8 2 0 8 
8 5 3 0 9 9 2 8 9 8 8 1 9 2 6 8 
2 2 3 0 0 7 6 6 4 2 6 1 8 9 5 3 
5 6 7 6 6 7 4 2 2 7 5 8 7 5 6 9 
1 9 6 6 6 1 5 9 4 9 5 5 3 7 6 4 
4 4 1 6 7 6 4 7 9 7 9 9 7 0 7 5 
2 9 0 0 8 2 6 3 8 1 9 4 7 8 1 0 
2 0 4 4 3 0 6 5 8 0 7 7 8 7 5 8 
0 8 1 5 9 1 6 7 7 7 4 3 8 2 6 2 
8 9 0 2 6 1 3 1 2 4 8 2 5 3 7 1 
8 7 6 1 9 0 6 6 7 0 3 9 8 1 6 5 
0 0 4 6 9 1 9 9 1 8 2 9 7 6 4 3 
3 6 5 4 3 3 3 8 2 3 9 4 7 4 0 0 
