0 3 9 5 1 6 7 4 5 7 3 0 6 7 1 2 
5 9 4 3 9 0 2 8 7 8 4 0 9 3 5 8 
4 0 0 5 1 7 9 4 3 5 6 1 7 6 6 9 
7 3 3 5 9 5 2 9 9 7 7 6 0 6 0 1 
9 4 0 5 5 6 0 0 2 1 6 7 3 5 0 9 
7 1 2 1 8 1 5 8 9 0 7 4 8 5 3 7 
9 1 4 5 2 6 5 5 6 3 0 9 2 9 3 5 
2 6 5 3 0 6 4 8 6 5 3 1 7 0 0 3 
3 5 8 6 8 6 2 5 0 9 9 5 7 4 6 0 
0 1 3 4 3 7 5 8 9 4 5 6 4 2 0 1 
2 6 9 6 6 6 4 1 2 6 3 7 5 5 1 7 
4 4 0 8 7 9 8 1 9 0 4 9 5 4 6 8 
9 3 8 5 4 8 7 9 1 3 9 7 2 1 3 0 
8 9 4 6 8 5 4 0 9 1 4 7 4 5 0 7 
5 5 7 7 3 3 9 5 0 8 1 0 2 4 4 4 
1 5 2 6 2 9 8 3 0 4 8 6 3 2 5 0 
