9 6 4 4 8 5 5 2 4 4 0 9 7 2 7 9 
9 4 8 3 3 3 7 4 1 3 6 5 2 6 0 4 
2 3 2 1 3 9 0 7 0 0 3 6 3 3 7 2 
7 2 4 5 2 4 6 3 2 2 8 4 1 3 4 1 
8 9 5 5 5 0 3 2 5 0 6 1 2 1 7 6 
3 1 3 2 2 0 0 0 5 6 5 5 9 3 2 9 
3 2 0 2 6 4 6 7 1 3 2 3 0 8 9 0 
3 5 3 7 7 9 5 2 1 4 1 4 7 0 1 0 
2 1 6 7 6 5 8 0 7 6 8 4 0 1 1 0 
7 5 1 0 1 7 8 7 6 2 2 0 2 8 3 4 
7 4 2 6 1 6 0 2 8 5 4 5 4 5 9 0 
3 9 6 4 1 2 5 8 3 4 5 5 1 9 1 6 
9 3 2 1 7 4 5 9 7 5 7 4 6 8 9 3 
6 1 2 5 0 3 1 7 5 2 8 6 6 1 0 7 
5 2 6 1 3 5 3 4 2 8 6 7 9 4 2 4 
0 0 6 3 4 9 5 9 1 6 2 6 8 9 0 7 
