5 1 3 8 8 4 2 7 1 5 9 8 0 3 4 3 
8 4 7 2 4 9 4 3 1 6 1 4 1 6 2 3 
0 1 6 6 2 8 7 0 2 0 8 6 3 9 7 2 
6 6 8 2 3 2 2 9 1 2 1 2 7 3 9 9 
2 9 9 1 2 3 1 7 9 3 0 3 4 4 4 4 
3 6 0 4 1 7 1 9 4 1 5 7 3 0 8 6 
6 1 8 5 8 2 1 6 2 9 4 8 7 5 6 2 
2 9 6 3 7 9 9 0 9 4 8 8 2 9 3 5 
0 1 5 0 8 8 3 5 2 1 0 8 7 5 2 0 
1 0 3 1 4 5 2 2 7 0 8 3 2 6 0 9 
0 4 6 3 7 5 7 9 2 7 9 1 8 6 3 5 
1 0 2 6 7 7 9 1 3 2 4 4 5 9 4 5 
7 5 1 6 2 6 0 9 8 1 0 9 6 0 5 2 
2 1 5 1 2 0 8 7 7 8 2 6 6 4 4 3 
5 6 8 3 4 3 6 3 0 9 8 8 8 1 6 8 
3 7 1 4 0 4 7 3 6 2 5 4 5 9 5 6 
