2 9 2 8 4 8 3 6 1 3 3 2 6 6 3 3 
9 2 6 4 7 0 6 1 1 2 0 1 0 3 1 0 
3 3 1 0 0 2 0 7 1 6 0 9 8 6 3 9 
5 7 2 4 8 1 3 7 8 4 2 9 7 3 9 4 
5 9 4 1 8 1 9 3 1 5 6 1 6 8 2 3 
8 9 0 4 7 5 8 0 0 5 1 6 3 8 4 9 
2 2 7 3 5 8 0 6 9 0 6 2 8 3 3 0 
3 4 3 3 5 4 9 3 6 5 6 2 4 6 8 0 
5 9 0 4 3 6 4 5 8 4 1 6 6 0 4 6 
6 2 6 7 7 7 4 4 7 7 8 1 8 6 3 3 
5 1 5 9 2 1 7 4 6 3 3 1 5 2 6 9 
7 5 7 2 4 9 8 0 4 3 8 8 7 2 0 3 
5 1 4 9 2 5 8 0 8 0 0 4 5 4 3 4 
7 9 4 6 0 8 6 4 9 5 6 7 8 2 2 1 
5 8 0 4 2 6 5 6 5 1 1 7 3 8 2 7 
0 4 1 0 3 2 2 5 5 9 2 3 1 1 0 5 
