3 2 1 0 1 5 8 1 6 3 9 2 8 7 0 1 
1 0 1 5 8 1 4 8 3 1 6 9 8 6 1 4 
2 3 4 7 1 2 3 9 6 3 3 8 0 0 0 9 
6 8 4 9 6 6 6 1 2 5 2 9 5 3 9 2 
4 7 6 6 3 1 7 0 2 6 6 0 0 0 6 2 
2 4 6 5 1 1 3 6 3 2 7 1 1 2 7 5 
3 1 3 2 0 7 3 9 8 9 8 6 0 4 6 0 
8 9 1 8 2 6 2 2 8 5 8 2 6 1 4 0 
3 1 5 2 4 4 9 3 7 5 3 3 0 7 6 6 
1 8 3 2 9 9 7 9 1 4 8 9 0 0 6 3 
2 2 2 4 7 7 5 3 7 5 1 4 5 9 9 5 
6 7 0 9 7 7 2 2 7 7 8 7 5 7 2 9 
2 1 4 5 3 0 6 9 9 9 7 6 9 5 5 5 
0 0 9 7 1 6 3 7 8 0 2 9 0 6 7 3 
6 4 2 3 6 7 8 7 6 7 7 3 0 8 6 6 
2 6 9 3 9 5 9 9 2 9 9 0 5 3 7 6 
