4 3 2 9 1 5 2 0 9 1 6 1 8 0 8 7 
5 2 8 0 4 9 3 0 7 0 7 2 1 3 0 8 
4 3 0 8 8 2 3 9 5 0 1 6 2 0 2 2 
9 5 1 3 1 8 5 6 1 4 3 7 2 1 6 6 
9 5 4 5 5 0 2 0 4 6 4 9 4 5 9 1 
6 7 5 4 8 7 3 7 6 0 2 6 4 9 5 7 
1 0 1 1 7 2 5 6 5 2 3 8 7 1 3 0 
4 8 4 6 9 0 0 8 3 5 5 7 1 6 6 7 
9 1 1 4 2 8 8 4 8 3 2 1 8 5 5 2 
7 6 3 0 1 8 0 9 1 7 4 7 3 5 9 0 
9 0 8 3 5 0 8 3 8 8 5 3 6 8 3 0 
7 2 7 1 5 6 4 5 7 2 6 4 5 6 1 7 
2 9 1 0 6 7 3 3 9 2 5 6 8 4 2 7 
8 3 2 9 5 0 1 9 4 5 4 6 2 5 3 7 
4 0 8 1 8 7 3 6 7 2 6 0 0 1 3 4 
2 5 3 6 1 1 5 8 6 9 0 6 1 7 7 8 
