1 3 7 2 8 8 6 8 5 5 7 7 5 7 0 6 
8 9 1 2 7 5 7 9 4 9 4 7 7 0 0 4 
6 8 0 6 4 2 5 7 8 3 1 4 0 5 0 6 
8 9 5 8 3 7 3 9 8 0 9 0 4 1 5 8 
5 3 6 2 7 2 2 5 1 1 7 9 1 0 6 9 
3 7 0 3 1 5 5 5 5 2 9 5 0 1 8 2 
1 6 7 9 0 8 3 9 5 1 4 4 2 8 4 0 
2 7 8 1 0 7 0 2 8 5 4 5 1 3 9 6 
7 8 6 0 9 8 3 7 5 2 7 6 6 9 3 5 
1 7 8 7 8 9 7 1 1 5 0 1 2 8 4 7 
9 8 5 0 2 8 8 2 5 4 1 2 6 2 5 7 
0 0 8 8 8 2 2 9 6 7 2 5 4 9 4 2 
1 0 4 8 8 7 8 3 5 0 4 1 3 4 5 9 
8 0 2 7 9 7 2 6 3 4 3 1 6 9 1 6 
7 2 1 8 0 5 9 5 4 9 8 8 6 2 5 3 
8 4 0 1 6 2 8 3 5 6 0 1 2 1 1 0 
