9 3 8 3 9 2 7 9 3 2 3 5 5 2 5 0 
2 5 8 7 2 3 6 5 3 4 7 5 4 1 5 3 
3 1 3 9 9 6 2 2 8 2 1 7 3 3 9 3 
9 5 4 7 5 0 5 4 4 0 5 0 7 8 7 6 
9 0 8 0 3 8 9 4 8 2 0 0 7 2 5 7 
7 7 9 2 3 8 7 2 6 5 4 2 6 8 9 0 
7 3 9 9 1 1 2 3 2 2 8 5 8 9 4 9 
4 2 1 1 2 8 2 8 4 2 6 7 6 8 7 6 
9 5 6 5 4 5 0 6 4 4 7 5 4 0 4 0 
3 6 7 9 1 8 0 1 0 1 2 5 4 2 4 6 
2 9 3 5 9 5 6 5 1 0 7 3 9 0 9 4 
5 7 3 5 6 4 5 1 0 1 8 2 2 3 6 8 
2 0 6 2 0 4 7 7 9 7 5 2 1 6 2 7 
2 1 9 7 2 1 5 1 8 3 8 0 8 5 1 3 
9 4 6 3 9 0 5 2 7 8 5 6 9 2 7 5 
4 7 5 7 6 5 2 9 0 7 9 1 9 4 9 3 
