1 2 9 8 4 7 7 6 2 4 1 7 6 5 1 8 
1 5 2 1 9 9 9 3 6 2 7 7 1 3 1 0 
7 6 4 2 8 2 3 6 8 8 1 0 2 0 8 3 
8 1 2 4 1 5 1 3 3 7 7 3 8 4 8 2 
0 6 7 4 2 3 8 0 7 5 2 5 9 1 6 9 
1 6 6 3 7 9 3 8 7 0 7 8 6 2 6 6 
5 6 6 4 4 9 1 5 7 7 2 4 7 5 8 2 
4 0 3 8 6 3 8 9 6 6 1 7 0 9 4 0 
9 5 2 4 7 7 5 5 8 6 3 7 0 8 3 4 
8 1 7 8 7 4 2 6 1 1 7 4 4 5 4 2 
6 1 9 9 7 9 6 4 4 7 9 2 2 4 0 6 
1 7 2 6 1 1 4 2 0 8 1 5 8 0 2 0 
3 1 5 6 1 6 7 6 7 7 2 5 6 8 7 0 
2 1 9 0 6 6 1 2 7 8 3 2 8 4 2 8 
2 6 8 7 5 9 1 3 2 8 5 4 6 9 8 3 
3 5 4 1 2 5 3 5 5 0 0 6 3 4 6 9 
