0 2 7 8 4 4 8 9 8 1 8 8 0 8 4 6 
8 2 0 5 0 1 4 6 9 2 2 0 4 7 4 0 
4 0 6 1 3 9 2 7 3 2 9 9 6 9 6 4 
0 5 6 0 1 6 9 5 1 3 5 1 7 3 7 9 
8 4 3 4 6 8 8 9 4 9 8 6 4 0 8 4 
9 1 1 2 7 4 0 9 8 8 7 6 8 5 9 2 
5 2 2 2 8 6 4 0 7 5 0 7 3 2 7 6 
1 8 7 8 0 2 7 1 4 1 4 8 8 9 1 2 
6 2 9 5 7 8 9 4 5 7 4 8 6 3 5 0 
4 4 1 0 3 3 0 0 7 5 3 1 7 4 9 7 
9 1 0 8 4 9 2 6 9 7 4 0 0 7 8 9 
0 9 1 0 9 4 9 7 4 6 7 7 3 6 9 4 
1 3 5 6 8 8 6 5 7 8 9 7 4 3 5 6 
4 2 6 0 4 5 2 1 3 6 9 5 0 3 4 8 
4 1 9 3 6 1 5 6 9 6 9 0 6 9 4 3 
7 1 5 0 5 7 8 7 0 0 3 5 0 6 5 4 
