7 7 3 0 1 9 1 1 1 4 7 5 8 6 3 6 
1 9 2 9 4 8 1 1 3 8 9 1 9 7 3 6 
0 9 9 1 5 1 6 8 5 1 8 9 5 1 6 3 
2 0 4 6 0 6 7 8 5 9 0 4 4 6 9 3 
0 6 9 6 5 2 5 1 9 9 2 0 9 3 9 9 
1 5 1 6 0 7 1 1 2 9 1 5 2 5 2 5 
6 7 3 8 2 0 8 0 8 5 1 4 9 0 5 0 
1 6 5 2 4 1 8 0 1 1 0 7 2 9 2 3 
6 2 2 7 0 2 0 0 8 6 8 9 1 1 1 4 
9 3 0 1 5 1 7 7 2 2 8 3 0 5 8 2 
0 9 5 6 5 5 5 2 1 6 7 4 1 5 2 2 
1 6 1 0 8 2 1 4 0 5 8 8 0 4 4 6 
8 8 5 4 8 8 7 3 2 9 5 1 7 9 8 2 
8 9 8 4 3 6 5 7 2 7 0 4 4 7 4 6 
1 8 1 2 7 1 7 5 9 9 1 3 9 5 6 1 
3 1 9 0 5 4 7 9 7 6 8 8 2 2 8 8 
