3 6 4 6 1 6 1 5 7 2 5 0 4 7 9 8 
4 0 3 9 9 5 1 2 8 5 8 9 7 9 0 1 
6 1 7 8 3 5 1 6 2 1 5 7 7 6 1 7 
3 3 4 1 7 7 2 8 9 0 8 4 5 6 7 4 
8 3 4 4 7 1 8 5 8 1 9 1 3 3 8 7 
7 2 4 1 8 5 3 1 6 0 6 9 2 5 1 1 
4 5 9 5 0 9 4 2 6 5 3 8 5 9 5 0 
8 3 2 7 4 4 2 3 6 7 6 3 8 7 4 9 
3 7 4 3 8 3 6 1 8 0 5 1 2 7 2 3 
0 8 6 7 5 8 1 1 4 0 0 8 4 3 6 2 
7 4 0 2 9 8 4 2 1 3 7 7 0 1 6 2 
7 2 8 5 0 0 6 4 0 1 8 3 6 5 9 6 
4 2 5 5 3 5 8 9 2 2 8 0 3 1 0 0 
1 0 8 9 9 7 2 8 5 0 5 2 4 4 5 2 
8 1 8 5 0 5 5 7 9 0 2 3 8 3 6 9 
4 6 4 4 5 2 4 5 2 0 6 9 8 0 1 5 
