9 8 1 1 8 4 2 8 3 1 9 0 7 1 2 6 
9 2 6 1 3 9 9 8 1 9 4 4 5 4 8 4 
0 0 8 9 3 3 9 3 8 9 3 3 7 1 5 8 
3 1 3 6 5 8 4 3 3 7 5 3 7 6 0 5 
9 0 0 8 0 5 0 7 7 2 1 5 1 8 5 7 
2 8 3 2 8 6 9 9 4 1 1 5 7 5 1 9 
6 2 3 2 6 8 3 6 6 3 3 3 1 4 9 5 
5 1 5 2 7 0 5 5 5 3 2 9 8 7 3 0 
1 0 0 7 6 4 4 4 3 6 4 1 2 4 3 9 
5 3 6 1 5 2 2 3 6 4 2 1 2 1 3 0 
8 6 8 3 4 5 4 9 6 2 9 5 5 7 5 6 
8 0 0 1 3 7 2 0 6 0 3 2 4 2 1 5 
2 2 1 5 6 5 1 1 5 7 1 4 6 3 8 7 
4 1 5 1 4 3 3 7 4 9 7 3 3 3 6 2 
7 5 3 4 9 0 3 5 5 1 0 6 7 1 6 1 
8 9 7 8 0 8 2 4 7 2 8 8 9 1 4 7 
