0 6 0 9 9 1 6 7 4 0 3 9 6 1 1 0 
8 8 9 3 2 6 1 7 7 7 6 1 7 7 0 2 
7 1 5 9 9 4 8 5 0 4 9 2 4 4 0 5 
4 7 6 3 4 7 7 7 1 1 4 2 9 3 0 5 
0 8 2 8 3 3 3 4 2 4 2 6 3 3 8 0 
0 2 4 9 2 2 6 1 4 7 4 3 7 8 4 2 
1 8 7 2 9 7 9 8 4 5 2 8 1 9 5 4 
9 7 6 3 7 4 3 6 6 7 1 2 5 8 8 4 
3 5 7 1 2 5 6 7 3 5 5 7 9 2 0 3 
6 4 5 8 5 4 7 6 3 4 9 0 5 0 7 7 
5 8 3 8 1 1 1 6 5 9 2 3 0 1 4 7 
3 2 0 3 5 0 3 9 8 9 0 0 6 1 4 5 
5 1 5 0 2 8 6 9 4 2 5 8 3 4 9 1 
3 2 3 5 3 1 6 0 7 5 8 3 3 9 3 2 
7 5 9 3 7 3 0 5 2 9 2 4 7 5 8 9 
4 7 0 4 3 7 8 2 7 0 8 1 8 2 5 9 
