0 4 2 4 0 9 7 4 6 8 6 8 0 3 4 9 
5 9 8 1 4 2 7 3 6 4 1 2 1 5 8 5 
4 2 1 6 0 1 8 7 3 1 0 5 7 7 4 4 
5 3 9 8 0 8 0 4 1 1 4 5 1 6 2 8 
2 6 1 1 8 1 6 4 5 7 5 2 4 1 8 8 
8 7 8 6 1 5 6 1 5 2 0 2 7 1 8 7 
8 0 3 7 6 4 0 9 8 8 9 4 3 3 1 2 
0 7 6 4 1 8 9 7 1 1 6 9 0 8 7 5 
9 9 8 6 9 5 8 5 3 3 9 4 7 8 0 8 
5 2 3 5 4 6 3 0 9 7 4 6 2 3 4 6 
5 4 1 6 8 7 3 2 9 2 4 9 9 2 0 5 
1 2 5 9 2 5 1 5 0 7 3 2 0 3 5 3 
2 4 0 8 7 9 2 5 8 1 5 3 4 3 9 6 
2 8 9 3 5 8 5 3 0 1 7 3 6 2 9 6 
4 9 5 5 1 6 7 1 5 1 2 4 8 5 4 2 
7 0 0 7 5 6 4 1 7 5 8 6 5 6 2 5 
