4 9 4 6 4 4 5 0 8 9 3 0 7 6 6 5 
9 3 4 4 6 2 2 4 4 1 5 4 0 6 7 8 
5 9 4 4 8 1 6 9 4 5 6 5 4 5 4 7 
1 4 8 6 0 5 2 5 0 9 8 3 7 3 0 3 
9 4 8 7 8 3 7 4 9 3 2 1 9 0 7 3 
2 0 9 1 4 6 2 0 1 6 6 5 2 1 4 6 
2 8 0 1 9 9 3 3 2 1 6 5 9 6 6 9 
9 6 9 2 7 4 6 5 9 8 7 4 8 9 0 4 
6 4 0 3 1 4 5 5 4 9 6 4 1 0 2 5 
9 0 4 5 3 7 0 3 2 3 4 5 7 4 3 0 
4 1 2 9 7 0 3 9 1 8 0 2 7 8 1 0 
4 3 5 0 8 8 5 9 6 0 9 2 1 7 6 3 
7 2 6 1 3 5 8 7 1 1 6 2 7 8 9 9 
6 8 6 6 4 9 9 4 1 4 0 7 4 5 6 7 
6 2 8 7 5 9 3 7 2 4 4 6 8 4 4 9 
4 6 2 3 0 7 2 9 4 8 5 7 0 7 6 6 
