7 8 0 4 6 1 2 1 3 2 1 5 3 1 5 9 
7 9 6 7 6 8 9 4 1 2 6 2 2 4 6 1 
5 5 8 2 5 4 5 8 5 0 7 3 8 4 5 8 
1 7 7 5 5 1 0 8 5 4 0 2 8 1 3 0 
6 9 7 9 7 1 0 6 0 7 6 0 8 9 9 1 
5 5 6 9 9 8 9 0 6 1 7 8 1 5 8 8 
2 0 0 8 5 8 4 4 7 0 1 4 0 9 6 5 
9 1 5 7 3 3 6 6 5 7 1 4 4 6 6 5 
4 5 2 4 0 6 9 6 5 4 6 0 9 7 2 1 
9 6 0 4 8 5 0 2 9 3 4 1 2 0 4 1 
1 7 9 0 1 8 1 4 5 3 3 2 4 2 1 7 
6 5 2 0 0 7 9 4 3 7 4 0 4 5 3 7 
8 6 2 0 7 9 0 1 4 1 4 5 7 5 3 7 
2 5 2 0 2 2 9 5 5 1 1 0 3 7 3 6 
6 3 6 8 0 2 7 8 8 5 1 3 1 0 6 2 
0 7 2 9 2 8 0 5 9 0 2 7 8 2 1 1 
