9 3 4 3 6 4 5 5 7 9 6 5 8 0 1 6 
4 4 8 6 5 8 2 5 9 0 0 7 9 2 9 2 
3 7 5 0 5 5 9 3 6 7 4 5 5 6 3 9 
3 1 9 1 4 4 9 8 2 1 4 6 0 6 6 2 
7 9 7 2 8 6 6 7 4 0 1 1 4 4 2 9 
5 4 5 7 8 3 7 8 8 7 0 9 8 9 9 5 
1 5 2 0 0 8 9 3 2 7 8 6 7 6 8 3 
6 5 0 0 9 7 5 4 3 4 1 1 9 3 1 1 
5 7 4 3 0 2 3 2 0 8 5 9 5 1 2 1 
8 8 4 8 3 6 2 5 3 7 7 3 8 5 2 0 
9 1 2 1 5 3 9 1 8 0 7 2 0 9 0 0 
7 9 7 2 5 8 0 1 9 0 5 3 2 6 5 8 
3 0 9 4 6 4 8 5 5 1 2 9 6 7 8 5 
5 6 7 0 6 9 8 4 8 4 0 9 9 8 7 2 
7 0 1 4 9 3 9 8 1 9 1 6 2 9 1 6 
9 3 0 0 7 3 4 8 4 7 2 6 1 0 2 4 
