8 0 8 9 4 6 4 5 5 5 3 4 8 8 1 1 
2 0 2 6 9 3 1 8 0 4 5 9 1 9 6 2 
0 1 1 8 1 0 6 3 1 6 3 0 0 8 9 4 
5 6 4 2 1 5 5 9 7 2 1 0 0 5 6 2 
1 9 8 6 4 9 2 2 8 1 1 4 5 2 2 2 
9 1 6 0 1 8 2 7 8 7 4 2 8 3 9 6 
9 2 4 0 8 2 0 6 4 7 8 7 8 4 5 3 
6 1 2 4 9 1 9 9 9 4 2 0 6 0 1 0 
6 8 8 4 6 6 1 9 2 6 4 9 6 2 7 9 
5 8 7 6 8 6 3 7 8 9 3 1 8 8 5 2 
7 1 4 2 7 6 1 4 9 9 5 4 7 4 9 6 
3 9 9 0 7 9 3 2 6 3 0 3 6 2 9 7 
6 9 4 2 6 1 4 1 0 2 2 2 5 1 4 6 
3 6 0 8 0 6 6 6 4 0 0 5 0 4 2 0 
2 5 4 3 9 5 3 5 6 4 1 0 6 5 9 1 
6 9 5 4 8 3 3 0 7 8 9 5 5 7 8 9 
