7 7 1 5 6 8 5 2 6 2 1 8 5 6 9 4 
8 7 3 2 9 4 0 9 7 2 9 9 1 7 1 0 
3 7 3 6 3 3 6 1 8 0 1 9 9 3 3 9 
2 4 9 6 1 9 7 6 3 6 7 7 8 7 3 4 
2 4 9 5 4 7 3 9 3 3 3 6 1 7 5 9 
4 8 6 1 0 1 5 2 9 6 0 9 5 7 5 7 
3 5 6 5 0 9 7 1 3 1 7 1 9 3 3 3 
0 3 5 6 1 3 5 8 7 9 1 2 6 5 2 4 
7 9 6 0 1 4 3 8 1 4 3 4 7 1 7 1 
0 1 5 9 9 7 2 6 6 1 0 0 3 6 5 7 
8 5 7 4 3 7 8 1 6 7 1 3 1 5 1 7 
5 1 8 1 0 3 9 2 9 5 6 3 7 5 1 4 
5 4 5 5 3 0 5 6 3 7 8 1 7 1 7 2 
1 8 8 9 5 2 9 2 7 6 6 6 6 1 8 3 
6 3 7 4 0 2 7 0 3 8 5 8 8 7 5 9 
8 5 8 5 2 6 7 8 9 3 8 9 1 1 9 2 
