1 6 8 3 7 6 9 3 6 5 3 0 7 7 4 9 
7 0 3 5 2 6 4 3 3 2 0 1 3 6 2 8 
2 2 9 7 5 5 3 9 4 2 3 8 7 4 0 6 
9 9 7 4 3 4 5 8 5 8 3 7 6 4 2 7 
7 6 0 9 1 8 5 6 9 7 2 3 6 6 2 4 
3 4 3 1 3 4 7 2 9 8 1 0 8 6 4 4 
0 8 5 3 9 5 6 0 9 4 0 8 8 2 3 4 
6 2 2 1 9 3 7 0 1 3 6 1 8 9 3 8 
2 8 0 4 1 1 3 3 2 2 5 5 7 8 6 9 
3 1 3 6 5 3 3 7 2 1 6 4 4 4 3 7 
6 3 7 2 8 0 8 7 9 3 9 1 0 2 7 9 
6 0 6 3 9 2 6 3 8 9 0 9 1 4 3 6 
2 7 7 8 5 0 2 0 3 4 7 3 6 3 7 2 
4 0 4 6 9 4 7 8 3 8 8 3 5 0 4 7 
4 9 1 9 0 7 5 1 3 5 2 5 0 0 0 4 
2 1 7 5 9 8 1 7 5 8 5 3 1 4 4 9 
