4 6 3 7 4 4 9 9 3 0 1 7 2 1 2 2 
5 2 2 8 6 9 9 2 3 5 0 8 9 5 0 4 
4 8 4 9 7 3 3 8 1 3 0 6 8 8 6 4 
9 6 9 1 5 6 8 5 4 6 9 0 0 2 3 4 
0 1 7 0 6 0 2 1 9 1 2 1 2 6 1 8 
7 3 1 1 5 5 9 5 5 3 5 8 0 3 5 6 
8 9 2 7 0 1 8 5 4 7 8 8 9 3 6 7 
7 5 6 5 6 0 0 6 5 0 8 1 3 8 8 1 
4 7 9 1 9 7 4 2 4 4 9 2 8 4 0 6 
0 2 5 7 1 3 6 3 2 0 6 3 5 8 5 5 
3 0 5 0 4 9 4 3 8 4 2 0 8 3 2 5 
8 0 1 0 1 9 8 0 0 7 4 4 9 1 7 9 
2 1 7 0 6 5 9 1 2 4 8 6 1 9 5 1 
9 5 8 6 8 4 0 4 6 6 7 8 8 7 8 3 
0 8 2 0 5 0 4 0 5 9 0 0 0 9 7 9 
1 4 0 4 0 3 6 0 2 3 0 6 6 4 3 0 
