3 3 8 9 8 8 6 8 1 4 1 3 7 5 8 3 
8 9 1 7 5 6 2 4 6 3 8 1 4 0 8 5 
7 9 5 5 8 1 7 7 1 8 4 5 2 3 6 2 
1 8 3 9 2 7 4 3 5 6 2 4 5 8 3 3 
0 5 7 3 3 4 4 9 1 2 7 6 1 8 4 6 
6 8 8 3 2 3 2 6 2 4 1 8 3 1 8 6 
3 4 7 0 6 0 9 0 5 3 1 1 4 7 4 6 
9 0 7 1 8 9 5 8 8 9 4 9 2 9 3 2 
7 5 2 8 2 0 4 6 9 3 3 9 9 2 8 9 
7 6 5 0 6 0 2 5 5 2 7 9 5 7 9 3 
0 1 3 5 0 0 3 1 5 2 8 0 0 0 2 1 
4 8 3 6 3 3 9 4 5 5 1 0 3 1 7 9 
5 8 1 3 7 8 4 2 2 7 7 2 2 9 0 5 
3 4 5 6 2 1 2 4 5 9 8 2 7 9 8 7 
3 4 2 4 0 3 3 6 2 1 3 3 7 7 4 2 
8 5 3 7 7 4 0 7 2 8 4 7 8 7 5 6 
