2 6 0 7 8 9 3 3 9 9 8 2 0 0 3 4 
7 2 6 2 0 7 0 2 5 4 6 0 5 0 5 6 
5 4 7 8 7 8 9 4 8 7 0 6 4 5 0 7 
9 5 3 4 4 9 3 6 4 6 5 6 4 9 0 4 
4 2 0 4 2 1 1 0 3 4 8 4 9 9 7 8 
7 3 0 4 4 7 7 5 2 8 5 6 7 8 8 2 
8 0 8 2 6 8 7 4 7 7 0 9 3 7 6 8 
0 4 8 3 2 8 7 9 3 7 4 6 9 9 2 7 
9 0 3 2 2 5 5 7 4 7 4 7 5 6 2 9 
5 9 5 4 1 9 7 4 2 1 7 4 3 4 9 6 
5 0 5 9 8 6 3 3 9 9 0 8 4 2 1 0 
4 7 3 9 8 6 7 5 6 8 1 0 0 3 8 7 
8 4 5 3 1 4 8 8 5 0 6 5 6 0 0 7 
0 8 7 8 8 7 1 3 8 0 4 7 7 9 5 8 
7 2 6 2 2 2 4 3 6 9 4 4 4 7 4 1 
0 8 4 3 4 6 5 4 2 6 4 8 3 7 7 1 
