1 8 2 6 5 1 5 7 8 4 7 1 5 5 2 9 
7 6 0 3 8 1 0 1 5 1 1 8 1 7 4 7 
7 2 2 5 6 2 7 0 9 8 9 5 9 0 2 9 
6 7 8 0 7 1 8 2 1 9 0 7 6 0 8 1 
4 9 5 6 4 3 0 7 0 1 3 7 3 3 6 9 
6 0 1 8 4 1 1 8 2 1 6 7 5 4 9 0 
0 6 2 4 1 9 6 5 1 5 5 0 0 7 2 5 
9 0 2 6 6 2 1 9 9 4 0 7 1 2 4 3 
5 6 0 2 3 5 6 0 2 9 1 6 2 8 1 9 
5 2 3 4 3 3 2 3 7 5 0 0 5 6 6 0 
5 0 8 9 8 3 9 5 2 7 6 2 0 3 4 5 
9 2 9 8 5 4 6 8 9 3 7 3 2 7 6 7 
5 5 1 3 1 6 6 7 5 9 8 1 7 5 4 1 
1 6 0 1 7 8 4 4 3 2 9 1 8 9 5 5 
2 3 0 6 3 9 4 2 4 9 7 7 1 9 2 3 
3 3 8 6 4 3 7 0 4 3 0 8 9 6 6 9 
