3 8 1 3 5 7 2 6 6 0 7 8 0 8 7 3 
8 7 3 7 9 9 0 0 5 0 7 9 6 2 0 8 
8 0 7 8 4 0 8 5 8 1 2 6 8 7 8 2 
9 4 7 6 8 3 5 0 8 9 7 6 7 1 8 4 
8 1 8 4 7 5 6 6 4 7 0 6 5 2 0 9 
5 4 0 0 2 4 9 7 2 0 2 6 3 6 3 9 
6 6 1 8 4 8 6 7 1 4 9 7 8 3 6 8 
3 8 8 0 7 6 1 7 9 4 0 8 2 7 9 7 
0 5 2 6 5 9 6 9 8 2 4 1 2 5 0 7 
9 2 8 0 5 1 9 5 4 1 8 8 6 5 1 9 
7 4 0 6 3 5 9 6 3 7 1 2 1 8 1 2 
1 7 9 6 8 0 5 5 8 6 2 2 0 3 7 2 
5 1 7 4 2 8 3 0 2 4 2 6 0 9 1 5 
6 3 3 8 1 7 1 9 4 2 3 4 7 4 7 1 
0 3 1 6 1 3 1 8 7 3 4 8 2 3 0 3 
7 4 5 3 4 8 1 2 0 8 8 1 7 1 7 9 
