1 5 8 8 5 0 3 8 8 6 9 4 7 1 5 6 
1 2 5 5 3 5 7 1 9 3 6 5 7 4 0 6 
4 6 3 3 8 6 1 1 6 5 0 2 6 5 4 5 
3 1 1 8 6 4 7 2 3 5 2 2 9 4 4 4 
6 8 0 7 5 0 8 2 9 5 3 6 2 9 1 9 
3 0 2 9 8 6 7 2 5 0 2 3 8 0 6 6 
2 5 1 3 0 0 9 4 0 5 8 5 0 3 2 0 
9 9 7 2 3 9 5 0 7 7 5 0 9 4 2 9 
5 9 2 3 5 6 7 7 7 0 5 7 2 5 8 4 
7 0 1 8 0 7 3 3 8 9 2 4 3 1 3 5 
7 7 5 9 4 3 3 5 6 6 7 8 2 8 3 0 
6 1 0 8 7 7 7 8 1 5 8 5 2 5 2 2 
8 9 5 6 8 4 9 0 7 4 0 5 9 2 7 9 
1 5 0 2 5 8 6 1 0 3 7 9 2 9 3 2 
8 8 8 9 6 4 4 8 1 7 0 8 3 3 6 2 
7 4 7 3 0 4 8 9 5 2 1 2 6 8 5 6 
