1 0 7 1 3 9 5 5 4 4 1 8 5 3 0 9 
0 0 3 7 7 3 7 4 2 6 0 9 0 2 2 5 
8 4 7 6 9 3 0 7 4 1 5 1 0 0 5 3 
9 1 0 4 2 9 4 4 3 5 2 2 4 6 1 1 
1 0 4 9 5 8 9 3 1 4 5 6 1 3 1 4 
6 1 1 8 2 6 0 2 0 8 1 9 2 4 7 9 
7 0 2 6 0 1 0 1 0 7 0 3 1 6 5 8 
5 5 2 7 6 0 4 9 9 5 6 6 8 2 4 3 
7 1 2 3 2 0 5 6 6 9 0 6 4 0 8 3 
5 7 6 7 5 0 4 8 6 8 2 3 6 5 9 0 
3 1 3 2 0 3 0 1 4 2 1 3 1 5 6 5 
8 5 6 5 2 4 9 3 2 7 7 6 8 8 5 2 
3 3 0 4 6 7 4 5 1 6 4 2 8 4 6 5 
9 0 3 1 4 6 9 2 4 2 1 2 2 7 4 7 
8 8 5 7 6 3 3 9 9 1 8 2 7 0 8 1 
2 9 5 7 8 3 0 0 4 4 6 4 4 6 1 8 
