2 6 6 8 3 4 9 8 4 4 5 9 1 0 9 1 
2 7 1 3 4 5 2 7 6 3 6 5 6 4 8 6 
3 3 1 5 7 4 9 8 4 8 3 5 1 2 5 3 
7 4 4 5 0 0 1 8 7 3 6 5 1 8 8 1 
1 0 9 8 5 1 6 1 6 9 3 3 9 8 7 0 
3 7 7 4 8 1 3 1 4 5 4 8 6 1 1 8 
6 4 5 0 0 5 9 7 9 4 9 9 1 2 5 1 
1 1 2 3 1 7 2 9 3 7 4 0 0 7 3 2 
8 9 4 2 4 1 7 8 5 4 9 6 6 5 7 0 
8 2 2 6 9 7 9 7 9 1 6 7 3 5 6 1 
6 8 5 2 0 4 4 3 4 6 1 5 4 8 9 4 
2 3 6 8 8 2 4 7 3 2 2 7 2 0 7 5 
2 3 9 2 3 4 8 7 2 2 8 5 3 3 4 9 
7 0 7 9 5 6 8 4 2 7 5 8 5 6 5 2 
2 2 5 2 6 0 0 9 1 4 5 4 7 7 3 7 
0 3 6 0 7 7 3 4 7 9 3 8 0 5 7 0 
