9 7 8 3 7 8 8 3 4 3 2 1 4 5 4 7 
7 6 6 1 3 4 6 1 6 2 3 5 3 6 0 2 
0 3 8 5 6 2 5 8 5 2 3 4 8 1 7 4 
9 2 9 0 3 4 6 5 6 6 8 5 2 6 2 0 
0 0 2 4 0 0 5 1 9 5 3 3 0 6 5 4 
4 8 0 4 7 5 4 3 5 2 0 9 5 2 4 0 
3 1 5 7 5 2 0 7 0 5 3 7 6 3 0 9 
3 0 5 5 7 6 4 5 2 0 7 7 6 2 3 6 
0 0 6 2 1 9 7 2 7 0 2 9 6 8 6 3 
9 2 1 0 5 9 6 9 1 0 1 7 6 9 5 3 
7 2 8 3 6 3 3 5 9 9 8 9 9 4 1 4 
4 8 0 5 9 2 1 0 6 5 8 2 6 2 3 3 
3 2 0 1 6 6 1 4 7 0 2 2 7 8 2 2 
3 9 9 3 9 9 5 7 4 5 3 4 4 5 1 2 
9 2 1 8 4 0 2 8 2 7 5 6 4 9 0 3 
5 1 3 8 1 8 6 3 8 3 7 6 6 4 5 8 
