6 6 3 8 8 4 9 1 7 8 5 5 1 3 5 3 
8 6 4 3 0 2 5 9 3 3 8 4 8 6 6 2 
3 3 7 2 3 4 6 2 8 3 5 1 1 1 8 5 
6 8 0 8 2 1 1 2 5 7 8 6 3 0 0 2 
7 7 4 7 5 6 7 5 1 5 4 3 5 2 0 4 
6 0 4 3 4 7 0 9 0 2 3 8 0 6 1 5 
1 2 6 3 1 2 7 5 9 9 0 2 6 9 4 8 
0 0 6 3 7 8 7 2 8 3 9 6 9 4 0 4 
3 0 5 0 4 5 6 9 1 4 4 6 5 8 0 7 
5 3 8 4 7 2 2 3 4 8 7 9 4 1 7 9 
8 6 5 1 5 5 1 3 5 7 3 9 8 5 3 7 
3 0 8 0 7 1 1 1 7 5 9 3 9 7 0 5 
3 6 5 9 4 8 4 1 4 7 8 8 3 0 9 8 
8 1 9 2 3 2 5 1 9 7 7 1 1 1 8 6 
4 7 3 5 5 0 9 3 7 6 7 1 3 6 3 1 
3 6 9 0 1 5 3 0 5 8 0 1 0 8 1 7 
