1 9 2 6 8 3 6 7 5 9 8 0 5 1 1 4 
5 2 7 9 4 0 3 4 9 7 7 4 3 6 9 5 
9 3 9 7 7 7 4 5 4 6 6 8 7 8 0 9 
0 1 7 7 3 1 3 9 0 2 3 6 1 9 3 0 
2 3 5 6 7 0 7 0 4 6 3 3 1 5 7 5 
9 8 9 1 4 1 8 8 5 3 7 0 4 0 5 5 
4 5 7 5 3 9 1 6 2 0 5 5 2 1 8 1 
7 9 7 0 6 0 8 6 5 1 6 3 3 6 8 2 
0 6 8 7 8 9 0 9 6 8 7 1 5 6 9 3 
9 7 6 4 6 5 9 8 6 4 8 4 2 5 9 6 
9 2 5 4 3 7 9 6 2 5 5 6 2 4 2 8 
5 8 3 3 7 5 7 0 7 1 1 7 6 3 5 4 
0 5 5 0 5 9 5 0 3 7 5 6 3 3 9 4 
1 7 2 8 3 6 8 5 4 5 7 8 0 4 3 5 
2 7 7 7 4 2 5 4 5 1 9 6 2 4 6 5 
7 8 9 0 6 8 0 0 8 0 8 0 0 4 9 2 
