9 8 5 9 2 7 2 7 6 4 0 3 0 1 1 6 
9 5 8 5 7 1 8 5 1 2 6 5 6 5 8 1 
8 1 6 3 7 3 3 2 5 4 6 6 3 3 2 3 
6 7 6 9 4 2 8 1 7 5 8 3 6 0 0 9 
8 3 4 3 7 1 8 1 2 0 3 1 2 3 9 3 
4 7 9 0 1 5 7 5 2 7 1 6 8 7 1 4 
6 9 9 4 7 1 1 4 0 7 6 7 3 5 2 9 
2 1 7 6 8 5 2 2 3 2 6 2 2 8 2 9 
8 2 5 4 5 2 1 8 2 7 6 2 2 0 1 8 
9 7 9 7 4 2 0 8 4 4 8 0 7 8 6 5 
5 5 9 2 0 9 4 8 3 5 2 0 4 4 4 1 
9 6 5 9 8 3 0 7 2 0 2 4 3 9 4 4 
3 1 0 8 6 2 5 6 5 2 8 8 8 1 4 0 
3 7 6 2 7 4 7 8 8 3 0 6 0 4 1 7 
9 3 3 9 6 1 1 6 7 7 3 8 5 5 4 9 
7 7 7 7 5 7 1 1 7 7 7 1 8 0 3 7 
