5 7 1 6 2 9 4 1 3 8 1 4 6 9 7 8 
8 9 3 8 9 5 0 8 1 2 8 2 1 8 6 1 
6 7 6 0 2 9 4 5 5 1 4 1 7 0 3 4 
2 6 2 8 3 0 3 4 5 7 4 1 4 0 6 1 
2 8 6 7 7 4 7 6 0 1 0 2 8 0 9 3 
3 9 7 2 2 0 8 6 6 7 8 8 4 5 3 7 
2 8 9 1 4 0 7 8 1 2 5 3 0 3 2 2 
8 4 5 6 9 6 1 9 1 4 5 9 4 8 7 4 
9 1 8 7 9 4 0 9 6 6 9 3 8 2 0 8 
3 0 4 1 0 3 2 1 7 6 0 4 3 5 7 3 
6 1 1 1 1 4 5 9 1 1 3 0 3 6 6 0 
6 1 2 7 5 4 8 7 5 4 4 8 3 7 5 6 
9 4 7 2 0 9 1 1 3 7 2 0 9 2 1 1 
6 6 2 5 5 5 8 2 3 6 3 1 1 5 1 7 
3 3 9 3 0 4 6 0 6 9 0 3 2 6 2 4 
4 9 6 3 9 4 7 0 9 8 9 0 4 2 4 8 
