8 2 2 2 4 4 8 3 7 8 4 0 8 6 7 1 
1 2 9 7 2 3 7 4 9 2 4 0 7 2 2 1 
4 8 2 8 0 1 2 8 0 8 7 8 6 2 8 4 
1 8 7 6 3 3 8 2 6 9 0 0 8 6 4 4 
7 9 2 5 6 2 0 8 4 0 6 7 8 6 6 6 
7 0 5 9 8 9 7 5 2 7 4 2 8 0 5 3 
7 5 1 4 9 9 1 6 1 4 2 4 4 4 1 8 
5 2 6 5 0 0 7 5 4 9 1 9 3 4 8 7 
8 2 8 8 4 8 5 2 8 5 2 9 7 9 1 9 
8 3 8 0 8 8 7 2 3 8 4 8 4 8 8 1 
7 7 4 1 0 3 6 0 8 5 7 4 5 0 1 7 
2 4 7 1 4 8 9 5 2 1 4 9 7 7 1 0 
4 4 1 3 1 9 1 1 7 8 9 4 9 9 0 4 
2 1 0 8 4 6 7 6 6 9 2 6 4 3 0 2 
8 4 2 6 1 6 7 2 5 6 1 2 1 8 6 7 
9 3 2 4 0 6 9 5 5 9 6 8 5 3 2 3 
