9 2 6 3 9 9 6 9 9 7 5 2 3 5 1 7 
7 3 6 0 9 2 8 4 0 0 5 0 3 2 1 3 
9 6 0 9 7 7 1 7 5 3 0 7 2 5 7 0 
7 4 9 3 4 1 0 5 8 0 0 4 0 4 1 4 
2 1 4 1 8 7 3 7 9 0 5 1 1 8 6 9 
1 3 1 4 3 9 9 8 5 8 4 0 8 7 8 6 
5 2 3 9 8 4 7 7 3 8 1 1 9 5 8 6 
5 7 5 0 5 2 5 2 5 2 7 6 7 8 4 2 
0 6 3 9 5 8 2 6 1 2 1 6 1 6 5 7 
8 2 8 7 4 1 2 3 3 5 3 3 7 1 8 4 
0 7 4 2 5 2 1 7 5 2 7 1 8 7 1 2 
2 7 6 2 3 6 5 2 4 8 4 4 9 5 9 4 
1 3 1 9 3 8 0 5 5 2 6 9 0 2 8 1 
1 5 3 1 3 9 2 1 9 5 8 5 3 5 4 7 
3 0 3 4 7 4 9 7 6 0 5 1 4 5 6 8 
1 7 9 1 3 6 4 9 2 2 5 7 4 6 5 5 
