8 5 5 4 9 4 8 8 6 5 5 9 5 8 9 5 
2 4 8 1 7 1 6 9 9 3 4 2 8 6 8 2 
9 8 6 9 6 7 4 0 5 7 4 5 5 8 2 3 
2 1 7 0 8 6 7 6 1 8 4 2 7 8 7 0 
1 7 7 9 0 9 1 5 5 7 4 4 7 5 4 7 
5 4 7 0 7 3 9 1 7 1 0 3 0 6 9 9 
5 3 9 4 5 3 4 7 6 9 2 7 1 6 4 3 
5 3 6 5 9 8 3 3 1 8 4 1 6 0 4 0 
5 4 3 4 4 4 2 0 2 8 7 7 5 3 2 5 
1 1 7 0 3 2 8 6 0 8 0 3 3 7 0 7 
1 0 3 3 4 3 0 0 8 5 2 4 0 7 8 5 
8 0 9 3 3 0 4 9 0 1 1 7 7 7 0 3 
4 8 1 3 9 6 4 5 9 0 1 6 1 4 3 3 
0 4 8 1 8 2 6 7 7 5 2 1 0 5 8 6 
4 5 6 4 1 3 2 3 2 2 1 4 3 1 6 7 
9 8 1 9 3 2 6 9 9 3 5 6 6 3 9 7 
