9 9 7 2 1 7 9 8 0 5 6 8 4 9 2 6 
9 2 7 9 9 4 3 2 3 1 3 5 0 2 3 0 
2 0 9 1 8 8 1 4 2 4 8 7 4 5 7 0 
0 6 6 6 2 5 9 9 6 4 9 6 4 7 7 8 
8 3 8 5 0 5 9 4 7 4 7 2 1 3 3 5 
1 9 0 3 3 4 4 5 2 3 0 5 9 5 1 2 
4 4 2 8 1 4 4 6 1 7 8 5 6 4 9 6 
8 7 3 4 6 3 6 1 7 0 6 0 2 8 7 4 
2 7 9 1 3 7 7 3 0 4 6 0 8 9 6 0 
4 1 8 4 0 2 6 9 5 9 7 7 9 5 4 3 
1 7 2 0 1 9 4 0 4 0 2 4 9 7 3 4 
6 7 7 5 5 6 4 2 9 5 2 5 4 2 8 0 
4 9 8 8 5 0 8 1 3 7 1 7 1 3 1 6 
7 5 4 8 1 2 2 9 7 6 7 6 2 6 1 8 
3 1 9 9 9 1 7 7 9 3 7 5 5 0 2 9 
6 6 2 7 6 9 9 6 6 9 1 7 9 9 0 8 
