3 3 3 5 4 5 3 4 5 2 8 2 8 5 5 0 
9 1 5 3 7 9 0 9 0 3 8 8 5 1 3 1 
8 1 2 7 5 8 5 1 7 8 1 2 0 0 6 2 
3 3 0 4 9 1 4 3 4 6 1 2 9 5 2 6 
5 3 7 1 0 9 3 4 9 1 1 6 2 8 9 6 
1 3 9 6 2 9 1 6 8 0 7 2 9 8 7 7 
2 8 5 2 1 1 9 4 5 8 0 7 4 5 9 6 
8 2 9 0 4 9 4 0 9 7 3 8 6 7 8 7 
6 3 6 8 4 1 2 2 3 1 5 1 8 7 1 7 
3 9 5 7 5 3 0 6 0 8 7 9 3 9 7 4 
6 0 6 6 3 9 9 0 3 6 4 5 6 8 7 2 
3 2 3 2 7 4 3 6 5 8 0 7 9 4 2 7 
1 2 7 8 7 0 5 7 9 3 2 5 8 8 0 5 
7 5 0 8 4 8 6 2 1 0 2 8 6 3 5 8 
6 6 0 4 7 3 4 7 9 7 1 6 9 4 3 6 
0 6 3 1 0 3 1 5 3 8 8 0 5 0 7 4 
