7 1 0 0 6 3 8 6 9 5 5 7 9 9 3 6 
6 2 4 2 5 0 7 9 1 2 3 2 0 5 0 2 
6 2 6 0 4 7 5 4 9 5 9 3 7 9 1 6 
9 3 8 8 7 0 2 4 6 8 1 3 0 4 2 1 
3 5 0 9 1 8 1 1 1 7 0 3 6 4 0 7 
4 4 9 5 6 3 9 8 6 8 2 1 7 0 4 6 
6 1 6 0 3 5 3 7 3 4 3 5 9 3 1 2 
8 9 6 3 6 7 5 5 2 4 9 7 6 0 0 7 
0 3 7 9 4 8 5 3 3 2 6 4 4 5 7 9 
2 1 4 2 0 2 6 4 8 3 9 0 5 1 8 4 
4 7 5 6 3 0 4 1 8 9 5 9 1 4 1 6 
0 9 1 8 0 3 7 6 2 4 7 0 7 2 5 5 
1 4 9 5 3 8 8 9 4 8 7 5 2 9 2 1 
9 8 0 3 6 9 6 9 3 0 3 2 6 5 3 4 
3 0 0 4 6 7 0 2 8 6 6 9 8 1 8 4 
9 7 1 1 5 1 6 6 9 2 2 3 2 0 5 0 
