3 6 5 7 0 1 2 2 6 7 1 8 8 7 6 5 
7 8 1 6 6 7 3 1 3 1 3 5 3 6 1 3 
5 7 2 8 0 7 1 3 5 8 8 7 5 2 3 7 
4 7 6 7 5 9 2 8 0 0 4 5 4 6 1 4 
9 8 9 4 4 6 5 0 2 2 1 6 2 1 3 4 
4 7 6 1 2 4 7 1 8 5 0 0 1 3 6 7 
4 8 6 6 9 8 4 0 8 8 5 7 6 7 8 1 
8 0 9 5 8 5 2 8 6 2 7 6 3 5 1 2 
1 8 4 3 1 2 6 2 1 1 3 7 7 6 0 7 
9 3 7 5 9 4 6 8 5 3 2 7 2 5 4 8 
9 5 4 2 2 8 7 5 0 2 0 3 2 7 9 9 
7 0 2 3 7 8 5 6 6 1 5 5 4 7 0 3 
2 3 0 9 1 0 8 7 1 9 1 8 2 4 3 1 
8 8 4 8 4 4 4 7 1 5 9 9 6 8 4 4 
3 6 2 4 1 2 5 2 0 5 8 6 1 6 4 3 
8 2 7 5 1 9 1 8 8 2 2 8 9 7 8 5 
