8 4 5 7 8 8 7 0 3 7 6 9 8 1 9 1 
7 6 4 9 0 9 9 3 9 6 5 4 0 3 0 5 
9 6 2 7 6 0 9 5 1 4 3 1 3 9 2 9 
2 3 0 6 5 2 6 3 6 3 5 7 4 5 1 2 
4 9 1 5 8 5 6 1 4 0 2 8 7 8 4 7 
8 6 7 3 6 0 2 6 6 2 2 6 0 9 4 5 
4 6 4 7 5 0 9 5 6 6 8 1 8 0 2 5 
6 1 3 5 4 5 8 5 1 2 5 0 0 6 5 4 
3 8 7 2 7 6 8 5 8 0 5 1 6 6 9 2 
7 0 4 3 2 2 2 6 9 4 3 1 9 3 3 8 
7 2 7 9 1 9 4 6 9 2 7 1 3 5 9 2 
2 7 9 7 0 4 7 3 2 6 6 5 3 4 1 6 
7 4 6 4 3 8 8 9 8 4 7 2 6 9 9 4 
9 7 2 6 2 1 8 1 2 1 1 0 5 4 6 4 
1 4 0 0 2 0 6 5 4 4 3 6 8 4 7 6 
4 1 2 5 0 4 0 4 4 3 7 7 0 0 0 0 
