2 3 1 3 3 2 0 6 5 9 4 1 6 1 6 3 
4 3 3 2 7 9 1 6 7 3 2 7 0 0 7 9 
4 0 9 5 2 1 1 9 2 0 4 5 9 9 4 1 
8 4 8 3 1 8 3 8 1 5 8 2 6 0 1 1 
0 1 6 8 3 8 9 1 1 9 2 2 8 2 2 3 
1 7 5 0 1 7 2 4 6 7 9 7 9 9 0 6 
2 1 8 4 3 1 4 9 2 5 5 3 8 5 7 8 
5 8 4 4 0 4 7 8 9 1 0 5 9 4 9 7 
1 2 9 8 1 8 0 0 0 0 5 1 3 3 4 5 
5 4 2 9 6 4 0 9 0 1 5 8 6 3 6 0 
8 1 2 0 3 1 4 9 7 3 3 1 3 0 5 5 
1 0 9 4 6 6 2 5 4 6 2 9 1 4 4 3 
1 1 1 7 0 1 0 7 0 6 6 3 2 7 1 2 
1 5 4 8 0 2 7 6 4 5 9 0 9 9 3 8 
1 7 7 9 7 3 3 7 7 7 7 0 7 6 2 3 
7 0 9 5 2 1 4 4 4 9 9 0 5 0 3 3 
