7 6 9 1 4 4 2 9 3 7 8 1 4 0 0 5 
7 5 5 5 3 4 5 6 8 4 5 8 7 7 9 5 
0 8 3 3 5 2 5 2 3 6 5 7 7 7 9 0 
2 5 2 7 1 2 0 3 1 3 8 5 9 0 3 8 
3 8 0 1 4 3 0 0 3 1 0 2 0 9 5 2 
1 7 5 9 6 2 2 4 9 4 9 2 2 1 4 5 
9 0 5 3 1 0 3 4 3 7 3 0 3 2 0 6 
7 2 5 1 2 2 6 5 5 3 9 6 0 4 9 8 
8 7 8 3 1 0 1 7 7 4 8 7 6 8 8 5 
8 0 0 3 5 6 7 3 7 7 7 1 5 8 7 5 
1 1 9 4 1 2 6 9 1 2 8 2 7 6 6 8 
7 5 8 0 8 3 8 9 7 1 3 4 2 2 4 1 
4 2 1 8 7 4 4 2 3 5 2 9 1 0 2 0 
8 7 2 2 1 9 3 6 5 1 1 4 9 7 4 7 
5 4 0 3 4 4 7 7 6 3 7 9 0 5 1 6 
8 2 1 4 6 9 3 9 3 9 0 5 5 1 8 3 
