7 1 7 8 4 3 0 5 8 4 3 5 7 6 1 7 
5 9 5 1 4 9 7 2 9 4 3 3 1 4 2 3 
8 7 1 4 5 4 1 4 4 4 4 2 8 2 5 0 
1 1 0 1 8 4 6 4 5 5 9 1 1 6 8 4 
3 3 1 9 3 6 4 1 2 6 9 3 6 4 2 6 
2 2 5 2 6 0 1 2 6 7 9 6 5 2 3 1 
0 7 6 1 0 5 9 4 6 2 4 3 9 9 5 4 
7 4 5 1 1 8 0 0 5 1 1 8 8 5 0 3 
4 8 8 3 7 6 0 7 9 5 5 6 3 2 8 6 
2 2 9 1 8 8 7 8 7 5 8 7 3 8 4 0 
4 6 7 6 6 3 9 4 0 3 0 2 0 5 7 6 
9 7 5 0 6 8 1 7 5 9 2 5 4 5 9 9 
8 8 9 2 7 0 1 1 1 8 2 4 8 6 6 9 
1 4 3 8 2 3 2 1 7 4 4 2 6 6 5 2 
9 4 0 4 5 7 3 8 5 9 9 4 5 1 7 7 
5 1 3 6 3 9 9 0 3 6 0 2 7 5 6 4 
