6 8 2 2 6 3 0 1 9 0 3 7 1 9 3 3 
2 2 0 8 9 1 3 9 5 8 5 5 2 2 2 8 
2 7 5 7 4 3 4 8 0 5 0 9 7 4 4 5 
2 0 9 4 4 1 9 9 6 9 3 2 0 9 2 9 
9 8 8 5 6 9 4 7 3 4 8 3 9 0 7 9 
6 5 1 5 0 5 1 8 7 4 1 0 4 4 0 9 
8 1 6 0 0 6 7 0 1 4 4 8 0 1 4 7 
4 0 7 5 6 4 6 9 8 2 5 6 4 3 9 8 
0 5 9 7 0 4 3 8 8 3 7 0 1 8 9 5 
8 6 2 5 0 9 0 8 7 0 7 1 5 2 9 5 
4 2 1 4 6 1 7 2 3 9 1 4 9 1 6 0 
0 7 8 0 1 6 5 2 2 6 9 8 7 1 1 5 
1 0 5 9 1 7 4 0 1 7 4 3 3 4 5 7 
3 0 3 5 9 8 8 7 3 2 8 0 2 0 1 8 
6 1 1 4 7 2 7 7 2 5 8 4 7 3 3 1 
2 8 7 1 1 1 6 5 7 6 4 9 7 1 5 6 
