3 1 7 9 3 3 1 7 9 8 4 7 1 4 8 9 
3 7 1 2 4 6 5 5 2 6 8 0 8 1 9 7 
2 3 6 1 6 3 7 2 5 8 9 2 1 3 7 4 
4 6 2 1 7 3 5 8 5 7 4 5 9 2 9 9 
4 8 8 7 8 7 3 7 7 8 0 8 3 2 0 2 
8 9 0 2 3 9 3 1 1 0 1 0 0 6 5 3 
3 2 2 5 9 4 8 8 0 2 6 9 3 1 6 5 
1 5 1 7 6 4 4 0 3 5 4 2 4 7 4 1 
0 9 4 6 4 1 3 7 2 8 8 2 9 5 6 3 
4 9 6 1 9 8 9 5 8 8 5 1 6 5 3 1 
8 0 0 2 7 4 4 5 6 5 9 1 6 4 9 8 
4 2 0 0 8 6 3 9 6 3 2 5 9 9 6 8 
8 6 8 2 1 6 6 4 0 3 6 2 1 7 2 5 
2 1 5 2 7 6 5 3 4 2 6 5 4 4 6 0 
2 3 0 7 6 8 8 2 1 3 7 3 2 1 6 1 
2 9 4 9 5 0 1 5 5 3 0 8 5 9 9 0 
