0 2 3 9 1 4 1 0 6 9 4 2 0 4 6 2 
4 2 0 5 2 9 0 9 0 7 8 2 0 7 8 4 
5 7 4 6 5 7 3 9 9 6 3 9 8 4 1 0 
1 0 4 7 5 1 2 8 8 9 2 0 6 8 7 7 
7 5 1 3 3 4 4 3 3 8 9 7 9 1 6 1 
2 9 0 0 1 2 2 6 9 6 5 8 7 7 4 9 
3 5 7 7 4 9 3 7 3 7 5 9 3 0 9 3 
5 5 1 0 2 9 3 2 6 7 5 5 9 8 5 3 
0 6 1 8 9 6 7 3 4 8 7 7 7 9 9 7 
9 9 8 3 0 1 1 6 2 6 4 9 6 8 4 1 
9 3 8 4 3 2 5 3 7 5 0 7 8 2 4 5 
8 9 0 1 1 8 5 4 7 3 3 0 4 4 6 4 
0 4 1 5 9 9 1 7 0 8 7 8 6 3 3 4 
7 0 1 7 3 0 1 4 9 4 2 4 5 5 1 5 
0 3 7 3 4 4 7 9 6 6 1 0 5 9 0 0 
9 7 4 5 0 3 1 6 5 6 4 9 0 9 0 0 
