9 6 0 0 3 5 3 0 3 5 8 9 8 9 1 9 
2 1 4 5 1 4 0 1 7 5 1 3 3 8 4 5 
7 9 7 5 8 3 5 3 2 3 8 8 4 7 6 5 
4 0 9 3 6 7 1 7 1 1 0 7 0 6 3 4 
1 5 2 4 9 3 2 0 0 0 9 9 0 6 1 1 
9 2 4 6 8 9 7 0 0 3 6 9 8 2 7 3 
2 7 8 1 6 3 0 1 9 8 5 7 2 7 9 5 
7 4 1 4 9 3 0 5 3 1 8 4 7 0 5 7 
0 5 4 9 3 3 3 8 1 8 7 2 4 6 4 2 
6 7 2 6 1 3 1 0 1 5 9 6 0 7 1 8 
8 2 5 9 3 1 9 1 8 7 1 0 3 8 7 9 
7 1 7 8 9 0 3 9 7 5 1 7 2 2 5 4 
5 2 8 6 0 2 2 5 5 8 4 1 5 8 4 6 
8 0 4 1 3 1 8 8 3 5 0 8 2 5 8 4 
4 9 8 7 5 9 4 0 1 2 0 7 9 8 5 9 
4 1 3 8 5 9 0 5 8 1 1 7 9 9 8 6 
