7 2 9 2 9 9 9 9 4 3 4 1 4 6 3 9 
8 5 7 4 9 3 4 1 7 3 7 4 9 9 1 8 
8 8 0 2 2 3 2 3 6 7 6 8 7 9 1 6 
3 9 3 4 7 3 2 5 7 6 2 7 9 7 7 3 
6 7 0 3 5 8 4 3 2 4 6 3 3 2 9 0 
4 4 3 7 6 9 5 9 1 2 3 4 8 9 9 8 
8 5 8 0 5 7 4 7 7 2 0 7 4 8 2 8 
8 5 5 1 6 4 8 0 0 4 6 8 3 3 8 0 
7 6 1 6 0 9 1 5 6 5 4 6 2 2 8 5 
4 6 9 4 2 0 6 2 0 1 0 6 0 9 0 1 
4 8 6 6 2 8 7 6 6 2 7 4 7 6 2 2 
3 3 5 5 9 1 9 0 3 9 1 5 6 6 1 1 
2 9 7 7 7 5 5 7 1 0 1 8 8 9 4 9 
7 4 5 1 3 1 7 1 0 2 8 1 7 9 4 3 
3 6 3 3 2 1 5 8 6 2 5 1 3 7 2 0 
8 3 9 5 1 2 3 6 1 3 0 1 1 3 9 7 
