0 8 6 2 0 7 0 5 2 1 4 4 4 5 2 0 
0 4 7 7 3 0 3 4 4 6 9 1 8 3 8 6 
1 4 9 3 2 7 2 7 2 1 4 2 8 6 4 7 
1 0 5 7 6 5 1 9 8 9 1 5 8 2 2 6 
8 0 9 6 3 5 2 6 5 3 2 7 3 6 5 5 
0 0 6 8 2 4 1 8 7 2 1 8 4 1 1 9 
6 3 1 4 1 9 7 8 9 7 4 1 1 6 9 1 
7 5 1 2 5 8 4 2 8 3 6 9 0 4 8 3 
5 1 3 8 4 6 8 0 1 7 1 6 7 6 2 7 
5 7 9 1 7 0 3 4 9 5 7 3 9 9 0 8 
4 5 8 4 1 8 5 2 6 0 6 0 7 2 4 3 
4 6 3 5 6 2 8 1 3 0 7 6 5 1 4 1 
3 4 7 4 5 3 3 5 1 7 5 7 0 9 7 5 
6 3 4 6 9 5 0 6 0 4 7 6 8 8 1 9 
3 4 2 9 9 9 7 9 8 8 9 0 6 9 6 7 
8 4 2 2 7 0 8 0 1 2 4 7 1 3 8 3 
