7 8 7 2 9 5 0 9 9 5 9 4 6 0 0 8 
8 4 6 9 5 7 3 7 2 8 7 8 8 4 9 0 
8 2 8 7 4 1 9 9 6 5 0 9 9 0 3 7 
2 5 6 6 4 2 8 8 7 9 5 2 1 7 8 2 
7 8 1 3 7 8 6 7 7 9 1 9 8 4 5 2 
5 4 4 6 9 2 3 9 2 6 8 2 4 3 4 0 
2 4 0 5 2 3 4 4 8 5 4 8 0 0 4 5 
2 1 8 1 4 0 7 4 5 8 0 1 3 9 8 6 
7 0 8 2 7 7 2 0 4 9 2 4 4 2 7 3 
4 0 1 2 6 8 3 2 8 9 9 4 0 3 1 2 
0 1 2 0 9 6 1 8 2 0 2 3 6 0 3 3 
8 9 7 6 1 1 1 6 8 3 9 5 7 4 7 2 
5 2 7 3 9 9 1 5 1 9 4 2 0 3 6 5 
9 5 5 5 6 8 6 5 6 8 5 3 4 6 5 6 
3 7 6 5 8 5 7 5 5 7 7 3 9 6 0 4 
9 0 9 9 7 2 2 3 7 9 8 7 3 2 3 4 
