1 4 5 1 4 1 9 2 4 1 8 9 6 5 3 0 
4 3 7 0 5 5 2 5 5 9 0 3 2 8 6 4 
5 3 4 2 8 9 8 3 2 4 2 1 7 9 2 8 
0 4 3 9 4 8 9 4 0 3 8 0 1 0 5 6 
0 3 7 0 8 2 2 9 3 0 3 0 4 8 2 0 
2 4 9 2 7 9 2 4 2 9 3 3 6 8 2 3 
9 4 0 5 8 4 4 0 9 7 3 7 8 6 7 2 
2 9 6 8 3 2 8 0 5 3 2 2 8 8 1 9 
3 2 3 6 9 5 5 4 5 6 8 3 3 5 3 8 
6 1 0 2 9 9 8 4 1 2 0 6 4 5 9 2 
2 0 5 6 1 1 2 3 1 5 2 7 6 9 0 4 
8 9 9 4 7 8 0 4 4 5 8 5 0 2 3 1 
0 6 1 0 4 4 8 4 4 4 0 7 3 4 3 2 
2 3 7 0 1 8 0 0 3 3 7 3 3 1 0 2 
8 2 0 5 2 4 8 5 7 8 6 4 0 2 9 9 
3 0 8 4 4 5 1 4 3 3 8 5 7 8 8 1 
