4 2 1 9 1 8 8 3 0 9 8 2 1 4 6 6 
5 2 8 6 1 4 1 0 0 5 9 4 5 3 7 0 
4 0 3 5 1 8 3 6 6 0 5 4 7 9 3 2 
1 0 6 9 0 9 5 9 0 7 8 3 3 3 0 4 
3 5 2 0 3 5 3 4 3 4 7 7 0 0 0 6 
7 3 4 4 1 2 2 0 9 2 5 8 8 5 5 8 
3 5 5 1 0 5 9 7 6 9 3 3 0 5 5 7 
1 7 8 4 2 6 7 5 2 5 6 9 5 8 7 2 
7 6 8 0 4 2 4 8 6 5 0 7 0 5 1 8 
7 7 7 6 0 7 3 5 8 2 6 0 2 3 2 6 
7 4 4 6 1 5 6 3 7 1 1 7 4 7 3 1 
1 2 8 8 9 8 1 8 3 9 9 6 3 4 9 2 
1 8 8 7 0 1 9 0 6 8 0 6 0 4 3 4 
0 0 9 5 4 7 3 9 4 2 4 4 5 5 9 7 
6 3 0 7 7 5 6 2 9 8 8 0 3 6 8 3 
9 2 3 3 3 2 4 6 8 0 7 6 6 2 4 3 
