1 8 6 0 0 7 5 3 4 5 1 0 9 7 1 9 
6 8 1 1 8 8 8 5 5 2 7 8 8 5 9 4 
9 3 6 8 3 3 4 9 1 7 0 9 8 9 0 0 
1 7 8 7 5 4 3 8 8 3 5 2 1 5 3 6 
0 7 7 2 5 1 3 4 1 4 3 2 3 9 4 8 
4 4 4 0 8 1 2 2 6 9 4 7 6 3 1 8 
4 7 3 3 6 3 8 2 1 0 7 5 7 5 7 8 
0 6 6 9 5 7 4 5 5 9 4 4 6 3 1 3 
2 4 0 3 3 5 4 2 3 2 0 0 1 2 0 4 
1 5 9 5 5 4 6 7 7 8 6 0 3 9 7 7 
8 0 6 9 4 1 8 4 3 6 0 8 1 6 8 0 
6 9 0 1 0 1 1 7 0 4 4 1 0 1 8 5 
5 5 4 3 2 6 4 8 5 0 3 5 1 0 1 7 
2 4 2 6 8 1 7 9 7 6 2 1 0 0 0 9 
7 7 3 5 4 7 4 4 3 7 4 9 5 4 1 0 
6 2 6 7 9 1 8 7 1 8 4 6 7 9 7 0 
