6 6 3 9 0 0 3 1 0 0 8 8 2 6 0 7 
3 4 6 9 3 2 2 4 0 3 8 5 3 1 4 8 
6 7 7 0 1 4 4 4 5 8 4 3 3 4 0 4 
6 9 7 6 0 9 3 8 6 8 8 2 3 6 9 4 
3 5 2 3 6 3 1 6 1 0 6 1 8 7 6 4 
0 4 2 8 4 2 2 7 5 6 2 5 9 6 5 8 
8 4 1 3 3 3 5 4 1 7 5 0 7 6 0 0 
3 9 8 0 7 1 8 2 2 4 6 0 9 8 8 5 
9 4 8 4 8 1 1 4 6 0 3 8 9 8 6 4 
3 0 4 0 2 7 9 1 4 1 6 9 0 4 9 2 
2 3 3 6 4 3 4 1 7 1 0 2 3 3 0 0 
6 8 9 0 5 4 4 8 3 6 2 5 3 6 6 4 
5 4 7 3 6 2 4 7 5 6 7 5 4 7 5 1 
7 4 9 2 7 6 6 9 1 8 5 4 2 9 1 7 
4 6 6 2 5 2 8 2 4 8 1 0 2 6 9 8 
2 6 5 5 5 7 1 4 3 5 2 7 9 0 2 2 
