8 8 7 0 9 2 0 5 6 4 6 3 7 2 8 2 
0 0 3 4 3 3 7 1 5 7 1 7 1 1 7 5 
5 1 8 8 9 5 1 7 3 9 5 4 5 0 4 0 
4 8 3 8 5 2 9 9 1 3 8 5 7 7 5 0 
6 5 3 9 1 1 3 2 1 6 2 7 3 3 2 4 
2 1 3 4 5 7 5 0 7 2 2 7 5 6 8 0 
1 6 7 7 5 9 5 9 5 0 7 9 6 3 4 4 
2 9 0 1 3 5 6 8 2 5 7 0 9 3 5 9 
0 8 5 7 6 8 8 3 4 3 8 8 5 5 0 0 
7 6 1 8 3 3 1 1 7 5 4 8 4 6 7 2 
1 2 7 4 2 5 9 1 7 3 5 6 7 8 0 4 
5 2 2 7 8 2 5 2 6 3 7 1 4 0 2 8 
6 6 7 8 6 4 9 5 3 3 1 5 7 5 2 5 
7 6 0 6 0 0 7 8 9 3 2 9 7 4 2 3 
3 6 2 0 6 9 1 2 5 6 2 0 4 6 8 2 
1 4 2 4 0 4 1 0 9 5 0 3 4 8 3 0 
