9 9 1 4 4 8 5 1 0 5 6 8 0 9 0 5 
1 9 1 6 9 3 4 9 1 9 7 2 3 5 5 4 
7 6 1 2 8 6 0 8 6 4 5 0 7 5 0 3 
5 5 4 6 9 8 6 0 8 2 9 4 1 6 1 6 
5 4 2 6 5 7 8 2 5 1 0 6 6 1 0 7 
5 2 6 2 1 5 6 4 3 9 0 2 4 7 2 4 
9 1 5 6 8 4 5 5 1 4 0 2 5 7 0 1 
3 8 1 2 6 3 6 8 0 7 7 7 2 2 7 9 
9 4 2 7 5 0 4 2 3 9 1 7 2 4 8 9 
6 3 4 3 4 0 2 6 6 7 7 7 8 8 0 1 
7 2 2 7 7 6 4 4 8 7 0 3 6 3 2 5 
4 5 0 9 0 0 2 6 2 6 2 1 2 3 4 4 
9 3 2 3 5 6 9 6 8 5 9 0 4 9 4 2 
7 4 4 2 8 5 6 9 0 3 5 1 5 0 9 4 
3 8 1 2 6 5 6 9 9 0 0 6 4 3 4 9 
3 7 0 8 0 8 3 3 3 2 7 1 6 7 1 1 
