4 4 0 5 5 9 6 1 7 3 8 5 2 9 5 5 
5 1 2 6 4 9 1 6 7 9 1 2 4 8 7 6 
7 2 7 6 6 0 3 3 1 6 5 3 1 4 8 2 
5 9 2 8 5 5 7 1 1 4 4 1 6 1 3 4 
9 7 4 5 8 9 8 9 1 6 3 0 3 4 9 5 
2 7 6 1 2 4 7 7 1 6 8 0 1 6 8 4 
9 8 9 6 0 2 3 1 1 0 3 6 7 8 1 7 
0 5 2 9 3 7 1 9 7 9 5 3 9 6 6 3 
4 3 5 5 5 7 5 0 9 0 4 3 9 6 9 7 
5 2 5 8 6 7 7 8 3 6 8 2 5 2 7 5 
5 2 6 0 7 5 5 7 5 5 7 8 8 6 4 2 
6 1 2 2 3 5 6 9 1 3 3 6 6 7 2 8 
3 9 4 4 9 9 2 8 5 6 1 2 7 2 6 3 
9 8 1 9 8 0 9 3 0 7 7 7 9 4 3 0 
0 1 9 0 5 9 7 3 4 9 0 0 3 2 5 8 
8 4 3 0 5 2 8 1 4 8 1 0 9 1 9 4 
