8 6 1 9 6 6 1 4 6 5 1 0 2 2 9 3 
1 9 5 9 0 7 5 8 8 4 8 8 5 1 5 4 
2 2 2 4 8 8 7 2 5 1 2 0 0 3 5 0 
6 5 1 0 2 3 3 8 8 1 6 7 0 4 3 9 
1 2 0 4 2 9 7 1 4 7 7 2 3 6 2 5 
9 9 3 4 4 8 0 1 0 1 0 8 9 3 1 4 
1 8 0 3 8 2 9 1 5 2 4 0 1 6 1 4 
0 6 7 0 4 3 4 1 1 0 9 4 6 2 3 7 
9 5 7 5 9 7 0 9 8 2 6 1 5 6 9 5 
5 8 5 7 3 1 4 5 2 3 4 4 8 4 9 8 
1 0 4 1 9 7 5 1 1 7 0 3 0 3 0 9 
6 6 2 2 8 4 0 1 7 6 3 2 8 8 3 1 
4 4 0 6 2 1 9 7 6 3 5 3 9 2 1 2 
2 2 7 3 2 8 2 5 0 2 9 8 0 8 1 2 
4 9 6 2 5 8 2 9 2 2 6 8 5 0 7 9 
5 6 8 3 8 4 9 8 7 4 4 0 5 2 5 4 
