8 5 7 3 0 7 0 7 6 6 1 9 7 6 9 2 
9 5 0 8 8 7 2 9 3 7 4 8 1 0 6 3 
7 5 0 3 7 9 7 4 4 5 4 2 0 5 6 0 
7 9 5 2 9 4 8 3 7 1 8 1 9 9 4 3 
1 0 5 9 6 5 7 2 4 8 2 3 7 6 7 5 
2 6 2 0 8 8 3 6 7 1 9 3 7 8 4 1 
3 3 3 4 0 2 5 2 6 8 9 1 2 8 2 5 
4 5 8 5 0 9 3 2 6 4 1 0 8 4 2 0 
7 6 7 1 4 7 4 6 5 5 7 8 6 8 4 2 
3 4 6 1 2 0 4 0 2 2 4 4 2 0 5 7 
0 1 8 4 4 7 4 4 5 5 6 1 5 0 4 7 
6 0 0 2 4 4 4 3 9 2 9 5 4 1 8 7 
3 1 8 9 3 5 7 3 5 0 7 0 7 5 2 9 
5 0 6 0 7 0 8 1 0 3 8 2 7 6 6 4 
9 4 6 5 3 4 8 1 5 9 6 0 2 2 0 3 
4 7 5 3 2 7 2 9 5 8 7 8 7 8 3 5 
