2 3 4 6 0 7 6 6 7 0 6 6 2 4 1 7 
1 5 1 3 5 6 7 8 5 9 1 1 4 9 9 3 
9 2 2 2 4 3 9 1 3 1 7 0 2 8 5 1 
0 1 2 3 0 6 9 9 6 5 4 8 6 6 2 9 
4 2 0 0 1 3 8 8 9 9 6 5 8 2 9 8 
5 4 9 1 9 3 0 4 3 4 2 1 1 2 9 4 
6 3 5 1 5 1 4 7 6 9 8 8 3 9 2 7 
8 5 4 9 6 0 2 6 5 6 0 3 5 0 3 1 
0 0 4 8 2 3 4 9 0 8 5 8 1 3 9 7 
7 4 6 4 3 5 4 4 0 3 6 6 5 3 0 7 
3 5 2 9 9 5 8 8 2 4 0 2 3 3 3 4 
0 2 7 2 2 9 6 1 5 3 5 3 7 8 2 7 
7 5 4 7 8 0 5 7 5 7 3 0 1 7 8 6 
2 2 1 6 2 6 0 8 7 0 4 0 9 1 6 6 
4 5 5 6 9 1 9 7 0 0 5 0 8 4 3 0 
4 3 2 0 7 7 8 6 6 3 7 3 8 1 9 1 
