1 1 5 6 0 9 9 3 4 0 7 5 1 0 6 4 
8 1 7 6 7 3 8 9 8 8 3 1 3 5 9 3 
8 7 0 5 4 9 3 0 2 8 6 0 3 4 1 7 
6 2 4 8 3 1 5 1 9 2 6 2 0 8 7 0 
5 6 6 7 5 8 9 5 4 2 9 1 4 5 6 3 
6 8 7 1 6 5 2 6 6 2 2 0 0 4 5 6 
9 5 7 6 1 6 6 8 5 5 7 0 1 1 7 1 
0 4 7 9 2 0 8 5 0 1 8 4 8 5 6 0 
3 1 1 4 8 6 4 1 1 1 6 0 9 0 6 0 
3 9 5 5 6 3 5 4 5 0 6 7 0 3 5 1 
7 4 8 7 3 5 6 2 9 3 3 9 6 7 3 8 
6 1 3 4 0 3 3 4 4 6 4 2 9 4 9 7 
6 1 7 7 3 7 6 0 0 2 8 2 6 5 0 8 
9 9 6 5 0 7 9 2 5 4 5 5 5 0 2 8 
6 5 1 9 8 9 4 2 4 2 8 6 7 8 1 0 
6 5 0 3 0 0 3 2 8 1 9 7 1 2 7 0 
