1 3 9 8 8 4 3 0 7 0 2 0 8 5 9 4 
1 0 8 7 1 6 3 0 2 4 4 7 9 7 8 2 
7 3 7 4 9 8 6 4 2 7 6 2 9 4 5 7 
6 9 2 8 8 5 0 3 2 2 8 5 7 8 6 2 
8 6 3 9 2 0 5 1 8 4 2 5 8 1 8 8 
5 0 4 4 0 7 2 2 5 5 0 9 9 7 2 3 
6 7 2 3 6 8 0 1 9 1 4 4 9 8 4 1 
1 6 2 2 9 3 0 8 5 1 4 7 6 9 0 1 
5 5 7 5 6 8 8 7 6 3 7 5 4 2 6 3 
7 0 6 3 6 8 2 0 6 0 8 7 8 7 8 6 
7 3 3 8 0 1 5 9 8 6 6 0 8 5 8 1 
6 5 0 0 3 2 5 0 5 4 0 0 1 3 1 9 
1 8 4 2 3 6 0 5 2 8 0 9 6 4 8 1 
5 8 4 9 9 4 4 8 9 7 7 1 6 4 9 5 
7 7 0 7 3 7 4 3 3 7 5 8 7 7 1 5 
0 5 5 7 3 0 3 4 1 1 4 6 3 1 6 1 
