9 1 4 3 8 1 9 5 3 1 7 2 3 4 9 9 
1 7 0 1 3 3 0 4 8 7 4 8 8 0 8 4 
0 1 5 9 6 1 4 0 8 5 0 1 2 1 2 5 
4 2 8 2 2 5 2 4 2 7 5 8 0 6 1 7 
3 8 5 0 5 1 0 6 1 4 8 8 9 6 7 6 
4 6 4 8 7 9 2 9 7 7 5 9 2 9 5 1 
2 9 4 2 8 5 1 4 8 9 9 1 0 9 5 8 
3 2 0 9 8 7 3 6 1 3 5 7 8 1 2 2 
3 9 6 7 1 9 6 1 3 5 2 7 3 5 2 6 
3 9 1 6 5 1 8 3 1 9 5 6 2 1 6 7 
8 6 0 3 9 1 1 5 9 7 1 7 3 2 7 7 
0 0 2 1 7 4 1 8 5 5 2 2 3 9 0 2 
1 3 2 0 5 6 4 1 3 8 2 1 4 0 9 6 
6 8 9 7 6 5 3 6 4 5 1 2 4 5 2 0 
0 7 4 3 6 8 6 3 9 1 3 5 4 8 7 8 
1 0 0 8 4 8 7 7 3 4 8 1 9 5 4 5 
