3 2 0 1 5 2 1 8 1 0 4 3 1 3 2 8 
1 9 1 7 7 5 9 4 4 2 8 4 1 1 6 3 
0 7 9 6 5 0 0 1 2 0 8 9 6 0 5 5 
2 7 3 8 5 6 3 9 6 6 3 6 8 4 3 3 
2 7 6 7 8 2 5 7 7 9 1 6 0 6 2 5 
2 3 7 0 8 4 9 2 2 8 5 6 4 6 3 7 
9 4 0 0 5 9 4 4 6 4 1 5 9 0 8 3 
1 5 2 9 4 4 4 9 6 6 2 5 0 7 5 1 
1 2 1 8 1 7 7 9 6 1 7 1 9 6 1 4 
3 2 1 9 7 0 0 0 8 3 0 5 0 1 6 2 
1 4 1 3 7 0 5 3 8 9 9 2 4 6 7 7 
9 7 5 0 8 1 2 8 1 7 2 4 9 6 0 4 
1 4 0 6 6 6 5 9 8 5 4 2 3 7 7 8 
5 8 0 8 0 7 2 3 6 9 5 1 5 1 7 2 
9 1 2 4 4 3 2 0 2 9 4 7 0 1 3 0 
2 4 8 5 6 3 2 6 9 1 9 1 5 0 7 0 
