4 9 8 1 3 1 4 5 5 4 1 3 9 8 0 1 
6 3 2 1 0 5 1 8 2 6 8 2 1 3 6 6 
7 4 2 5 2 8 4 0 4 5 1 9 0 1 6 7 
3 8 4 3 1 4 2 9 6 6 8 5 8 2 2 4 
0 0 5 4 3 5 7 0 2 8 6 7 4 6 3 3 
1 3 2 6 4 2 9 5 4 7 3 6 2 2 0 1 
3 4 1 0 6 2 4 6 0 9 9 5 5 7 2 6 
1 0 0 3 7 0 3 2 6 5 0 9 9 7 5 0 
4 1 4 8 3 9 6 6 6 7 1 1 0 7 9 2 
2 0 8 5 3 3 1 0 6 4 1 4 8 9 0 7 
4 2 3 9 7 8 7 8 6 0 5 6 1 4 8 7 
6 9 0 2 8 0 6 5 7 5 1 6 0 8 7 6 
6 9 5 2 6 7 1 9 1 5 1 6 0 8 3 0 
2 4 6 7 9 1 1 8 9 3 2 7 5 7 4 7 
9 6 4 1 8 5 3 0 1 3 0 5 4 8 9 0 
9 7 8 0 6 4 9 2 3 7 4 4 5 1 3 6 
