9 9 2 3 8 0 5 2 2 3 4 8 2 5 5 9 
2 9 8 8 8 6 6 8 5 9 7 4 9 8 4 2 
9 3 8 9 8 2 6 1 9 0 9 9 3 6 2 4 
7 7 7 7 6 4 5 1 8 5 0 4 9 9 3 2 
7 3 4 1 2 5 0 7 5 1 8 4 4 6 6 8 
6 1 1 7 4 3 0 0 0 1 4 0 3 0 2 3 
6 4 0 2 7 0 9 4 1 2 7 3 4 8 4 1 
1 2 8 2 5 8 7 3 5 7 2 8 8 7 0 9 
5 1 5 5 8 3 0 6 2 2 1 4 3 1 6 7 
4 4 5 3 4 7 3 7 7 7 5 1 3 2 3 3 
7 4 1 0 1 6 3 7 1 4 3 4 4 1 5 4 
2 0 8 5 7 4 9 8 3 7 8 4 9 7 5 7 
9 5 7 5 2 6 9 7 8 4 0 8 2 8 6 4 
7 4 3 3 7 9 7 4 2 3 5 0 0 6 1 7 
2 5 9 6 6 8 1 9 0 8 0 2 2 2 4 4 
8 8 3 2 5 8 2 1 3 8 7 4 8 7 3 2 
