5 5 1 7 7 4 5 6 5 8 0 4 6 4 6 8 
8 3 2 5 8 9 4 9 5 8 7 5 3 6 9 5 
2 9 2 5 6 9 0 8 2 8 4 7 4 7 9 3 
6 3 6 7 4 9 8 9 1 1 8 3 2 4 8 7 
5 7 1 7 0 0 4 2 9 7 0 9 1 0 1 5 
7 9 9 1 3 7 4 5 2 1 6 3 1 1 0 1 
0 2 5 0 5 8 3 8 8 4 6 1 3 9 6 7 
0 6 6 3 3 0 4 3 4 2 2 5 6 4 7 9 
4 5 4 7 9 6 4 8 1 1 4 3 8 6 1 6 
3 8 3 9 5 4 9 0 6 6 4 3 6 9 6 0 
0 2 6 0 7 1 0 2 4 7 6 1 4 3 1 9 
6 6 9 0 3 1 9 0 0 2 0 0 8 7 8 2 
5 2 3 4 6 4 8 4 2 9 3 4 9 6 2 8 
9 2 3 0 5 3 5 6 5 6 3 1 8 1 2 3 
9 2 2 3 5 6 8 9 1 7 0 3 8 7 4 9 
3 0 0 4 8 4 7 3 3 0 7 2 4 4 6 2 
