6 6 3 5 9 6 1 6 6 8 0 2 4 0 3 9 
3 4 1 5 5 4 7 3 6 1 0 5 7 5 6 8 
8 6 8 0 7 4 5 5 3 6 0 9 0 3 0 6 
2 8 3 3 1 9 5 5 2 4 6 9 4 1 9 8 
6 0 3 5 7 8 6 6 9 9 6 5 8 3 2 2 
2 5 6 9 4 8 6 9 6 7 7 3 8 9 4 9 
3 5 1 0 3 9 7 9 3 2 3 8 7 6 5 2 
8 3 5 1 4 3 9 2 2 5 8 3 7 2 1 9 
8 0 5 0 1 2 5 3 6 8 7 0 1 7 6 3 
8 2 4 8 1 2 3 0 6 7 5 6 9 1 0 7 
9 0 3 3 9 5 3 0 5 2 4 3 1 0 7 1 
2 2 5 0 3 2 6 0 4 5 4 2 9 1 8 7 
1 5 4 3 6 0 2 9 7 6 1 1 7 7 8 7 
7 4 2 2 3 9 8 4 6 1 6 3 8 2 5 4 
4 6 0 9 4 5 4 1 2 5 5 9 6 7 5 5 
5 3 3 6 0 5 1 0 6 6 2 1 1 4 0 3 
