1 7 4 4 4 9 4 8 5 6 2 2 2 0 7 6 
5 2 9 8 0 4 7 7 9 7 6 5 7 0 4 3 
6 1 2 3 6 7 3 8 1 5 6 7 9 3 1 4 
8 8 4 7 5 0 0 8 0 3 2 4 4 1 6 3 
1 1 0 7 1 3 5 0 0 6 2 3 3 7 8 3 
9 0 3 4 6 3 4 7 7 7 4 6 1 2 6 9 
6 7 3 5 9 1 9 9 6 8 2 3 3 5 3 9 
0 4 4 2 0 8 2 3 5 6 9 2 5 3 9 1 
6 9 8 9 6 9 2 7 5 7 0 7 8 6 5 6 
8 0 6 4 3 6 6 2 8 8 7 9 2 5 7 5 
8 2 5 1 8 1 1 4 7 1 6 1 3 8 5 0 
5 2 1 9 3 2 9 4 8 4 3 2 8 1 7 7 
8 8 0 2 0 1 1 2 6 4 6 2 4 5 2 8 
5 7 3 5 1 7 9 4 0 0 9 5 8 3 6 4 
0 5 2 2 6 5 0 3 8 1 4 3 3 5 0 6 
0 7 0 5 4 6 6 6 1 3 9 2 4 0 1 0 
