4 7 6 6 8 7 0 3 1 2 3 5 9 7 2 4 
7 1 6 9 6 2 1 6 6 2 9 1 0 9 4 6 
5 4 2 2 9 9 0 1 7 1 9 2 7 8 3 1 
2 8 5 5 7 7 2 2 5 2 3 6 2 9 9 7 
5 8 5 2 3 5 9 4 0 9 8 6 3 1 4 9 
4 4 9 7 4 9 2 9 9 5 9 1 6 3 2 2 
2 7 4 5 8 5 4 4 6 0 8 3 9 1 9 9 
7 0 7 1 6 6 0 1 6 1 8 7 9 6 2 3 
0 5 8 6 4 0 4 5 7 3 6 2 5 1 0 1 
4 5 3 1 4 4 0 1 7 4 1 8 9 6 8 1 
2 6 9 7 2 7 7 8 7 2 4 5 3 0 5 9 
6 4 6 3 5 7 4 7 3 9 5 4 8 1 2 5 
6 6 8 3 9 1 2 2 9 5 4 5 9 6 4 0 
5 3 4 2 1 8 8 6 4 4 2 0 0 6 4 7 
8 9 1 8 1 9 2 6 4 2 8 7 5 4 5 6 
8 6 2 0 1 5 7 9 0 2 3 1 4 8 4 0 
