5 0 8 8 7 1 7 3 7 2 5 5 4 2 1 6 
8 2 6 8 9 3 4 3 0 6 1 4 4 5 0 4 
8 3 7 4 1 1 6 7 7 6 8 0 3 6 4 6 
4 9 3 6 8 8 6 5 5 8 8 9 5 6 0 5 
7 3 9 1 8 7 0 4 2 5 2 7 5 0 4 1 
3 8 3 3 1 8 6 7 1 6 3 6 1 4 8 3 
1 4 3 2 1 3 7 4 3 2 4 1 9 4 8 1 
4 7 4 0 5 4 8 4 9 0 6 4 8 9 9 9 
1 7 6 2 8 3 2 1 7 2 0 1 5 5 2 6 
4 1 7 7 2 3 0 3 1 1 5 7 4 4 7 6 
2 7 7 8 7 8 3 8 3 5 6 2 0 7 5 6 
6 9 7 0 0 6 1 9 5 9 4 2 3 0 5 7 
5 5 0 2 7 7 9 3 9 1 3 6 4 2 1 1 
9 0 8 2 1 3 5 0 5 9 1 6 9 2 0 7 
6 1 4 9 7 5 4 4 4 5 3 7 5 9 8 3 
0 8 7 8 6 2 8 0 0 4 0 7 5 7 0 7 
