5 4 9 5 7 5 5 5 9 2 4 5 6 3 0 8 
4 0 3 8 1 9 2 0 2 5 8 2 0 2 8 8 
2 3 8 6 0 1 2 4 2 6 0 5 9 4 2 7 
5 9 0 5 9 1 1 4 1 8 4 6 8 9 9 9 
5 1 4 1 7 4 0 8 4 0 1 8 9 1 7 8 
4 1 1 5 5 8 4 5 1 0 0 3 2 3 4 5 
5 8 2 5 0 4 0 2 8 3 8 5 5 2 7 7 
3 4 1 5 3 5 8 4 7 4 2 3 7 6 9 6 
0 5 4 2 5 9 1 6 9 5 4 6 8 5 0 8 
7 7 6 1 5 0 5 4 2 6 6 2 0 3 2 6 
1 3 5 7 8 7 9 2 0 1 6 4 8 8 8 3 
0 6 0 8 3 3 3 8 1 0 0 5 1 9 9 4 
6 1 0 1 7 8 5 3 5 2 7 8 7 7 9 5 
4 7 9 3 4 0 8 6 4 4 8 4 9 5 6 4 
9 6 5 1 5 7 7 3 8 3 5 9 9 8 8 1 
3 8 7 4 7 6 8 2 3 3 9 2 3 0 0 5 
