6 9 3 6 1 0 0 1 0 6 1 8 8 8 6 5 
7 3 2 5 0 2 1 4 0 5 1 8 9 5 5 2 
9 2 3 7 3 1 0 2 3 0 9 9 5 0 7 7 
1 8 5 2 6 5 5 5 3 0 4 4 0 1 6 1 
6 4 3 4 8 8 0 1 7 3 9 2 6 3 7 4 
4 1 3 9 5 4 5 7 8 0 8 5 4 9 3 0 
3 7 0 7 0 2 3 2 8 2 3 6 2 0 0 2 
5 9 0 2 1 2 9 8 8 6 7 9 7 9 4 9 
6 9 0 4 0 4 3 1 5 8 4 7 2 0 4 5 
3 6 5 4 8 4 0 6 6 9 0 9 7 5 8 1 
9 5 0 9 3 6 2 4 7 9 4 5 0 7 9 5 
8 2 8 2 1 1 5 6 5 7 6 5 6 7 2 7 
3 8 0 6 5 5 7 8 6 7 9 2 2 9 9 2 
2 3 3 5 1 2 3 4 2 6 3 3 8 1 7 0 
8 0 7 7 1 2 2 2 1 2 4 7 9 7 6 1 
9 5 0 0 7 0 3 8 1 6 0 9 9 2 8 1 
