6 8 4 4 4 9 7 3 5 4 0 6 5 7 9 2 
1 2 6 5 0 9 1 1 1 8 7 8 2 7 9 5 
8 4 3 4 2 5 8 6 2 9 3 7 9 8 3 7 
9 7 2 2 7 4 9 8 6 2 3 3 4 4 1 0 
3 6 3 3 5 1 3 3 5 1 9 5 3 1 2 3 
7 2 5 4 3 4 2 7 2 4 5 1 8 9 8 3 
3 7 5 4 1 2 9 2 7 1 6 5 1 3 6 1 
2 4 8 4 1 0 4 5 8 3 4 6 2 7 7 8 
0 7 8 1 9 7 6 2 6 8 5 6 2 2 8 0 
1 4 8 0 8 7 0 2 9 4 8 9 2 8 0 3 
3 7 3 6 8 1 8 5 3 0 4 0 3 8 6 1 
8 1 5 6 0 2 5 2 1 9 8 3 5 6 1 9 
2 6 9 2 8 4 9 3 6 3 0 0 0 2 8 2 
2 4 2 3 7 3 8 0 7 2 6 1 5 7 2 9 
7 5 2 4 2 4 0 2 8 4 2 7 5 6 1 7 
3 3 6 7 8 9 7 9 3 3 2 1 2 9 5 2 
