9 9 8 0 5 7 8 1 5 1 0 4 3 7 2 1 
4 8 3 7 8 3 9 9 4 9 8 7 2 3 5 8 
9 3 9 0 1 5 3 0 3 4 1 9 0 9 8 8 
0 6 8 4 1 5 3 2 3 5 3 2 0 9 6 0 
1 5 8 5 0 7 6 1 8 5 0 7 7 1 6 2 
2 5 5 1 9 9 8 8 8 6 6 1 6 6 1 7 
1 5 7 1 3 2 3 4 0 4 1 0 6 4 6 3 
5 9 3 5 6 9 5 9 6 7 2 0 0 4 6 4 
5 2 8 4 2 7 6 1 6 7 1 4 9 2 5 8 
7 0 7 1 3 3 2 7 7 5 7 6 0 6 0 2 
7 2 2 4 7 3 3 5 2 1 0 1 9 0 6 7 
7 7 7 8 5 2 8 9 6 2 4 3 1 7 8 4 
9 0 7 9 6 4 0 3 2 5 9 7 9 8 1 5 
6 5 4 9 7 7 3 8 5 6 8 7 7 6 7 8 
5 6 7 1 3 7 6 5 7 4 5 9 5 1 6 2 
2 4 9 8 3 0 1 3 2 4 2 3 1 0 0 7 
