6 3 5 7 9 5 1 5 7 9 3 9 3 0 7 0 
1 0 4 3 2 7 9 4 9 4 7 6 7 5 4 3 
2 6 3 5 0 4 5 9 4 3 9 2 0 9 3 5 
3 0 7 8 6 6 5 5 6 3 3 3 4 9 3 1 
0 6 4 3 7 6 9 4 8 1 5 9 1 0 7 8 
2 2 6 1 1 4 4 0 0 7 3 1 6 2 4 1 
6 5 9 5 6 1 4 4 7 3 4 8 6 6 8 4 
5 2 8 9 4 5 1 5 4 2 7 4 2 6 5 1 
9 8 2 8 6 0 8 9 4 9 8 7 6 4 3 7 
0 2 8 2 2 0 2 5 8 1 4 9 1 1 8 6 
6 7 1 8 4 9 7 1 4 1 3 3 2 1 5 5 
1 0 9 4 2 2 8 6 7 4 5 9 5 7 3 6 
0 5 1 7 8 0 3 0 4 9 2 6 5 7 6 2 
8 2 5 9 3 3 2 7 9 1 1 7 9 3 1 1 
2 9 3 4 7 3 3 6 4 7 7 3 4 1 1 9 
2 3 8 4 9 9 2 1 1 9 7 0 7 8 6 4 
