3 9 3 6 4 0 9 3 7 1 1 5 7 3 0 1 
3 0 6 7 0 1 4 7 8 8 3 7 8 3 6 8 
2 6 4 9 8 6 8 1 5 7 7 1 8 0 6 1 
0 9 3 5 0 5 8 4 1 3 8 6 2 3 9 5 
3 7 7 4 9 6 7 6 5 8 4 7 0 8 7 3 
8 1 8 2 4 9 9 4 0 9 9 1 9 8 4 2 
0 5 6 9 9 3 3 4 4 0 2 2 9 2 0 6 
5 6 4 2 9 1 6 7 0 3 6 1 9 9 9 6 
2 5 1 5 4 5 7 4 5 1 4 8 2 0 6 2 
3 9 8 2 0 5 7 5 6 3 7 8 0 7 7 3 
7 9 1 9 2 6 7 9 0 2 1 4 6 3 9 2 
8 9 2 4 0 2 7 8 9 7 0 6 4 8 2 2 
5 4 7 4 5 8 5 0 0 8 0 1 4 8 1 0 
8 1 7 6 1 2 8 7 0 5 9 0 4 9 0 6 
3 9 8 9 5 3 0 9 1 1 9 7 4 3 3 6 
4 6 1 8 4 9 8 1 2 8 4 7 2 4 0 3 
