9 0 3 2 7 0 6 0 4 3 3 4 3 4 2 0 
5 0 2 7 1 6 2 2 6 6 2 1 1 0 8 9 
5 6 9 2 2 2 9 1 2 0 2 7 9 1 0 7 
2 3 9 6 2 5 9 8 6 2 9 0 1 4 7 1 
4 1 6 1 1 1 2 2 5 4 9 7 1 4 9 9 
0 0 0 8 4 9 0 3 3 0 5 3 2 9 1 9 
6 2 0 6 7 3 4 2 1 5 4 5 2 1 7 7 
4 6 2 0 5 1 0 2 9 4 5 5 1 2 9 9 
1 4 5 6 0 8 9 5 2 3 9 0 6 9 0 9 
6 0 6 6 6 8 2 2 7 4 6 7 8 2 3 9 
4 5 6 3 9 9 1 8 8 7 9 4 4 5 7 6 
3 1 7 8 5 8 3 1 4 3 5 3 3 5 6 5 
0 6 9 5 7 1 4 0 2 8 8 7 6 9 0 9 
6 2 8 8 4 3 8 5 7 6 9 5 3 3 5 2 
8 1 2 8 9 4 7 6 1 9 0 3 2 9 2 7 
5 2 1 3 2 6 3 6 7 3 8 7 2 8 2 2 
