2 4 2 0 9 7 8 3 9 6 5 8 3 2 6 3 
6 1 4 3 1 7 0 5 8 1 0 4 3 6 0 8 
5 2 1 0 8 1 2 7 6 9 1 2 8 5 3 2 
9 6 6 8 0 7 2 6 2 2 0 2 1 1 1 7 
3 3 8 6 0 7 7 0 8 6 0 2 8 3 9 4 
9 6 8 9 0 9 9 9 1 4 5 1 3 9 3 5 
6 2 0 0 7 7 7 0 2 7 3 6 5 4 2 3 
8 8 7 2 7 6 3 5 8 8 7 5 9 0 3 2 
0 0 8 9 9 4 8 1 6 8 8 7 7 7 3 0 
1 0 4 3 3 8 5 7 6 4 6 3 6 5 0 7 
6 8 1 1 0 2 6 4 7 2 0 3 4 0 0 5 
8 2 7 9 8 4 0 2 8 2 3 4 9 8 0 4 
0 6 5 3 4 7 8 0 4 3 4 5 7 8 7 8 
5 0 4 2 3 5 3 9 8 3 3 7 0 0 9 9 
5 9 6 3 6 9 5 4 4 1 8 9 1 6 0 0 
4 8 9 7 3 5 2 2 6 4 8 3 4 1 7 6 
