7 9 6 1 3 9 9 4 4 6 7 4 6 5 1 6 
6 4 0 4 4 0 3 3 1 5 0 4 1 4 6 1 
1 0 5 9 0 6 4 3 3 1 6 2 5 5 0 1 
7 3 9 4 8 9 4 0 9 8 6 8 5 1 8 6 
0 1 2 0 1 4 2 9 9 1 5 3 2 8 7 8 
8 3 0 9 3 5 0 6 3 6 6 9 1 9 7 1 
5 5 7 9 4 7 1 6 3 3 2 8 6 7 6 8 
7 8 3 8 0 0 3 2 9 1 6 3 0 8 7 4 
1 8 4 4 3 9 2 3 3 4 1 4 5 1 7 8 
3 2 1 3 8 4 1 7 0 4 0 1 4 2 1 5 
5 4 9 5 7 4 2 4 6 4 2 3 4 8 5 1 
4 0 6 4 3 6 5 8 9 4 8 3 4 8 9 9 
9 6 5 1 0 3 0 4 6 1 0 2 8 6 7 5 
8 7 9 0 1 5 8 0 5 7 0 1 3 2 4 8 
0 6 2 8 6 1 8 9 6 2 8 5 7 4 4 1 
3 9 1 6 0 6 9 2 4 2 6 1 5 1 6 2 
