6 0 1 8 6 0 0 6 0 3 4 9 3 3 3 5 
0 6 8 4 5 4 2 4 0 3 1 3 2 7 5 4 
6 1 8 9 7 2 5 7 6 7 8 7 8 1 2 8 
0 7 9 4 3 9 5 0 7 6 7 9 3 2 7 3 
1 7 4 2 9 8 1 7 8 2 6 3 4 0 7 0 
7 8 5 9 7 4 3 5 4 5 9 0 3 5 3 9 
4 0 3 7 7 4 8 3 5 6 9 7 7 1 1 9 
4 8 4 1 1 5 9 1 8 1 4 7 3 9 5 2 
4 3 4 0 6 0 1 2 7 0 1 2 3 5 1 6 
9 5 7 1 9 8 4 2 8 8 5 4 6 4 5 8 
9 8 5 6 6 4 5 8 2 4 3 6 2 7 7 3 
7 7 0 4 8 5 6 3 2 4 9 7 2 2 0 8 
0 9 8 9 1 7 8 0 7 9 6 3 5 9 7 3 
0 3 6 4 2 0 4 3 1 7 4 9 0 6 0 0 
3 7 8 1 5 8 9 9 1 4 0 8 9 6 5 1 
5 3 8 7 6 2 9 5 5 4 2 7 9 3 0 0 
