4 2 8 9 5 2 5 8 6 6 6 4 9 8 2 8 
7 7 3 2 6 3 5 9 0 8 5 1 2 4 5 7 
2 6 7 1 6 2 9 9 4 7 4 9 8 6 2 6 
0 5 9 9 7 4 6 9 2 6 2 5 7 7 5 4 
0 3 4 1 2 8 1 8 8 5 3 7 6 4 4 6 
5 3 9 4 4 5 6 8 8 7 8 1 0 9 9 5 
9 4 8 7 5 4 1 4 6 7 1 5 1 9 3 0 
4 0 5 4 3 7 8 9 4 2 4 8 0 9 5 4 
2 1 1 8 9 3 1 4 8 0 2 5 4 7 9 0 
5 3 6 7 7 6 3 9 2 7 5 1 3 2 0 9 
9 8 4 3 6 7 7 6 9 8 6 9 7 2 3 9 
1 7 0 7 4 3 0 0 5 4 9 1 6 4 4 4 
8 1 8 8 4 5 2 8 9 2 8 5 4 5 4 5 
9 6 8 2 3 4 1 7 5 6 4 3 6 1 7 3 
7 7 8 2 2 2 1 3 4 9 5 7 1 2 4 3 
3 1 5 1 9 1 3 0 3 0 8 2 0 9 3 3 
