7 7 5 9 7 4 0 4 6 6 1 3 0 3 8 6 
3 7 7 2 3 8 5 7 7 9 2 9 7 4 6 3 
5 9 8 3 1 5 3 2 2 5 2 5 7 2 6 4 
2 8 0 0 5 8 6 4 0 2 7 6 5 3 8 3 
0 7 7 6 0 9 8 3 4 3 0 1 3 1 5 6 
6 4 2 6 5 2 8 4 9 6 9 0 2 0 0 1 
3 0 3 4 9 5 2 1 2 5 3 2 5 3 6 4 
3 0 7 9 8 4 1 4 9 1 2 0 1 7 8 9 
0 7 6 2 5 7 9 7 9 4 4 8 4 8 5 5 
3 9 4 3 8 1 4 2 6 2 3 0 7 6 0 4 
4 7 4 5 7 5 4 0 1 1 9 9 0 2 9 9 
4 6 7 6 3 8 3 4 6 1 4 6 8 1 1 4 
1 7 4 0 5 7 4 4 4 8 2 7 8 7 1 5 
9 7 5 8 2 4 5 3 9 1 2 7 2 6 7 9 
5 0 7 0 1 0 6 9 4 9 9 2 6 4 8 8 
3 7 9 3 7 6 7 1 7 8 5 2 8 8 1 7 
