9 6 0 7 5 3 7 2 4 7 0 4 5 7 8 9 
3 4 3 6 7 8 4 5 2 8 7 6 3 4 4 5 
8 0 1 9 4 4 9 4 1 9 9 2 4 3 0 1 
1 8 6 3 7 5 2 3 0 2 0 0 6 0 3 6 
9 2 9 2 8 1 8 6 4 3 2 6 3 0 6 5 
9 7 6 2 0 6 9 1 5 0 3 7 1 9 9 9 
3 3 2 6 1 2 3 7 8 0 4 8 1 2 0 3 
0 4 3 2 6 8 3 6 6 3 8 9 6 7 1 7 
9 1 3 4 6 4 7 8 9 1 4 9 1 3 7 1 
1 2 0 4 3 1 5 0 4 9 9 7 2 7 6 8 
7 2 8 1 3 0 0 2 3 2 9 3 3 2 8 5 
2 8 2 0 0 4 6 7 1 9 4 5 0 0 6 9 
8 3 9 8 0 5 2 7 7 7 4 4 8 3 1 4 
3 2 9 2 5 3 7 5 1 6 8 1 2 5 7 6 
1 3 7 8 3 0 9 4 7 8 4 4 7 8 4 9 
4 6 3 2 0 5 6 2 2 5 4 6 1 7 2 8 
