0 2 1 5 7 3 2 6 8 1 1 9 6 1 4 6 
6 5 6 5 9 9 2 3 4 6 4 9 6 8 9 9 
5 6 1 9 9 5 4 9 3 9 1 3 1 4 8 3 
6 8 2 2 0 7 6 4 4 7 9 9 2 5 2 6 
2 4 6 9 1 6 7 0 8 1 7 1 6 2 8 0 
3 1 6 6 9 5 5 1 4 3 1 3 1 8 2 6 
1 5 2 0 5 3 2 0 0 7 0 2 5 3 6 5 
9 1 9 0 7 2 7 8 0 8 7 9 5 7 2 4 
3 7 4 1 1 3 3 5 3 1 7 2 3 3 4 3 
4 9 2 9 4 6 0 8 4 2 1 7 4 2 8 7 
0 4 2 2 9 8 4 3 3 3 3 6 9 7 1 7 
2 4 3 4 1 5 7 8 8 2 8 1 3 8 7 6 
2 9 9 4 3 8 1 4 1 6 1 4 2 7 8 4 
3 6 3 8 9 2 0 5 0 2 0 3 2 5 6 0 
6 0 9 2 8 3 5 6 0 4 7 5 4 0 0 9 
3 4 9 0 4 6 0 6 0 5 2 4 8 1 5 2 
