7 7 9 3 1 5 6 7 4 4 2 8 5 1 8 8 
8 0 1 9 4 0 6 0 9 5 1 5 4 5 7 9 
6 3 9 0 0 3 3 8 6 4 6 2 1 3 5 5 
4 8 6 2 5 3 8 0 6 6 3 8 7 3 2 6 
2 0 9 5 2 7 2 7 5 4 8 1 7 3 5 6 
9 9 2 2 4 6 8 7 5 6 0 5 2 6 0 9 
8 7 0 2 5 4 4 7 3 0 1 1 9 7 4 4 
2 7 6 5 2 0 9 9 5 9 5 1 1 6 4 9 
7 0 6 1 5 7 1 0 8 2 0 0 0 2 7 1 
5 9 8 8 0 6 7 0 5 0 5 6 4 0 0 0 
6 1 9 7 2 9 0 0 1 9 4 9 9 9 2 9 
7 1 4 2 4 1 2 2 8 3 6 7 1 2 6 2 
3 5 2 9 9 3 7 6 1 6 7 7 1 5 5 8 
8 5 0 0 4 3 5 6 0 2 0 8 9 5 6 6 
9 8 5 4 3 0 3 6 1 6 6 4 8 4 2 3 
3 9 3 3 6 4 8 4 6 5 5 0 3 9 5 8 
