7 8 1 5 4 0 5 3 9 4 6 6 8 7 9 1 
3 7 2 0 4 7 7 5 8 6 0 6 0 7 5 7 
8 3 7 8 4 6 8 8 8 6 1 5 8 9 4 4 
9 9 3 9 2 3 4 9 2 8 3 0 2 5 6 7 
2 1 9 6 6 9 2 8 4 9 5 3 7 7 0 2 
9 6 9 0 8 7 3 7 8 3 8 5 6 6 5 4 
8 3 6 0 0 7 4 1 9 8 0 2 3 5 0 5 
6 3 3 6 5 5 8 6 0 9 5 2 5 4 3 9 
8 2 5 0 9 4 0 3 5 6 9 7 5 5 6 2 
2 7 3 2 4 1 8 8 2 0 0 5 8 3 9 7 
7 9 2 0 7 2 1 9 1 9 6 4 8 9 8 7 
5 3 7 1 8 2 6 0 4 5 9 5 0 8 6 5 
7 7 6 7 0 9 4 6 8 4 3 3 4 0 0 3 
9 8 6 9 4 9 8 1 6 0 4 0 3 8 6 9 
8 2 3 1 6 5 3 5 2 8 4 1 8 7 0 2 
6 0 1 2 2 4 9 6 2 5 2 6 8 4 1 0 
