6 2 8 9 9 7 5 5 6 1 1 3 3 2 1 4 
6 9 4 6 5 4 9 5 6 4 1 5 0 1 3 8 
8 9 6 5 6 9 5 7 3 2 9 0 1 4 6 7 
9 9 2 1 1 4 3 1 2 7 8 3 3 0 6 1 
2 7 9 0 1 4 6 4 7 9 6 6 3 8 3 3 
2 3 7 8 1 9 5 5 0 2 7 6 7 7 4 6 
8 8 0 5 1 8 2 7 4 3 8 3 4 2 9 5 
0 3 9 8 5 7 0 8 4 9 1 9 8 1 7 7 
0 8 7 7 2 5 1 6 2 9 0 2 5 5 3 4 
6 4 9 1 4 9 0 7 8 9 6 6 1 8 2 6 
4 9 5 9 4 6 9 0 8 0 7 3 2 3 1 2 
1 2 2 2 0 5 3 9 5 1 5 4 1 3 4 7 
7 7 0 2 7 4 1 1 9 9 5 8 5 2 9 7 
6 2 6 8 9 3 3 2 9 8 8 9 8 4 9 4 
1 2 2 2 3 8 4 9 8 3 9 1 7 8 6 1 
7 3 2 7 2 2 7 3 7 9 4 3 2 2 8 4 
