3 3 1 9 5 8 6 3 6 5 4 8 1 5 5 8 
8 7 0 8 0 0 3 8 8 2 8 2 7 7 6 0 
8 9 9 0 4 8 4 9 8 6 4 6 9 1 5 9 
0 0 5 0 7 0 8 4 5 9 9 7 4 8 6 0 
8 6 5 8 7 1 2 7 3 3 6 3 2 7 9 3 
3 0 7 9 9 9 1 1 8 6 0 4 7 2 1 9 
7 0 2 8 8 4 5 3 3 9 0 9 4 0 8 7 
5 9 1 9 3 9 2 8 9 0 0 1 8 8 3 1 
2 6 1 3 1 2 9 5 7 0 7 1 0 8 9 2 
5 3 3 0 3 5 8 7 0 4 8 4 3 5 1 7 
4 4 1 1 0 6 5 9 0 2 8 6 1 6 9 2 
9 1 3 3 5 5 9 5 1 6 3 4 7 5 0 5 
7 7 7 7 2 0 5 6 3 0 3 8 5 9 6 3 
1 2 6 0 5 7 3 7 8 5 1 0 3 5 2 9 
5 7 6 2 7 3 4 5 0 4 3 5 8 9 6 1 
5 2 4 8 5 8 3 2 9 0 3 7 3 8 7 4 
