8 8 0 6 2 8 2 8 3 0 5 2 3 2 6 4 
0 2 9 7 8 9 6 0 0 3 9 1 0 5 7 1 
8 5 6 9 7 1 1 9 5 2 9 1 3 4 6 1 
7 1 9 5 2 3 8 9 8 7 8 3 3 4 2 4 
8 4 7 4 5 2 7 2 7 0 3 8 4 0 1 1 
7 3 8 2 6 2 2 1 5 8 6 8 2 9 4 7 
2 9 1 3 1 8 7 8 1 2 6 1 2 8 9 5 
5 1 6 8 5 8 3 9 9 4 2 1 8 5 1 2 
8 9 4 5 1 6 8 5 9 2 2 2 0 2 4 1 
0 3 4 9 8 7 3 7 4 1 1 4 6 6 4 4 
0 7 4 0 3 7 1 8 5 4 1 4 4 4 4 0 
1 5 3 0 1 4 5 8 7 4 7 8 2 2 5 7 
8 2 4 7 2 1 5 6 1 9 5 7 0 7 7 2 
3 0 7 5 4 4 0 7 6 9 5 2 1 2 5 1 
5 3 6 1 6 2 8 3 2 0 8 5 7 8 6 9 
1 5 6 3 5 3 9 0 3 0 6 6 0 1 5 0 
