7 1 5 1 8 7 0 5 6 3 0 1 9 2 3 6 
7 1 5 8 7 9 1 2 9 4 7 3 8 2 9 1 
0 7 1 5 4 7 5 9 8 7 3 6 1 4 4 5 
6 4 9 9 3 9 1 5 7 8 1 4 6 4 7 9 
0 1 1 2 9 7 5 3 6 9 0 5 5 4 4 1 
7 9 8 5 8 2 7 0 7 1 7 0 9 2 6 6 
6 9 1 7 2 5 9 0 5 4 7 9 3 6 7 6 
2 4 2 9 2 7 5 8 2 0 9 5 9 0 8 9 
6 1 8 2 9 7 3 8 8 9 9 2 8 9 0 2 
3 3 7 5 3 6 4 3 9 3 8 6 6 1 2 8 
9 7 7 7 5 5 7 7 4 2 5 0 3 3 9 5 
6 6 4 0 1 2 0 8 1 8 7 4 4 9 9 9 
1 0 9 3 7 4 7 6 0 8 5 1 0 1 2 5 
6 5 2 2 3 6 1 6 0 9 3 2 3 5 4 3 
3 6 3 8 5 0 4 1 1 4 1 2 4 0 4 1 
8 7 0 2 5 2 8 8 0 9 7 3 4 2 8 4 
