2 1 0 7 1 5 1 2 0 7 6 7 9 6 0 7 
8 3 9 0 3 0 9 7 0 9 0 9 2 1 8 1 
4 5 7 5 9 5 3 6 5 8 0 0 1 1 0 8 
4 4 4 4 7 4 8 1 0 4 2 1 8 6 9 5 
1 3 1 3 2 7 3 6 5 4 0 2 6 6 0 3 
7 9 8 3 6 1 9 7 7 1 6 1 0 4 0 1 
2 6 3 8 4 6 5 2 6 3 0 0 2 4 5 3 
2 8 9 6 1 1 3 6 8 1 1 4 2 7 7 7 
9 0 3 4 3 6 5 6 8 7 1 4 5 6 9 3 
1 4 1 3 1 0 4 5 5 6 9 0 0 6 5 8 
3 5 8 5 5 5 4 8 1 1 9 7 7 6 8 0 
6 5 6 5 4 4 1 7 4 3 8 1 1 4 2 8 
0 3 2 4 9 4 9 6 8 9 3 1 3 1 4 8 
6 5 3 9 4 2 9 2 6 6 1 1 4 7 3 4 
6 0 5 6 5 3 7 9 1 1 9 5 7 9 3 1 
8 0 5 1 4 2 6 2 8 2 3 0 8 9 5 1 
