5 7 7 3 6 8 0 7 5 4 4 5 9 7 5 1 
3 9 8 3 3 6 2 5 4 1 5 5 6 0 0 5 
5 6 6 2 5 3 4 1 5 9 1 1 4 1 1 4 
4 2 0 1 8 1 5 3 4 4 4 1 1 2 6 1 
0 4 6 7 3 1 7 3 6 0 2 1 6 9 0 8 
9 0 2 4 5 3 6 2 9 8 8 3 9 5 8 7 
8 9 1 4 6 8 7 7 9 6 0 5 3 3 1 8 
2 9 3 1 9 4 2 6 2 9 7 6 6 0 3 6 
7 2 6 3 9 0 1 9 2 4 3 8 8 3 0 5 
9 3 6 0 0 5 7 8 1 5 3 8 0 2 3 7 
8 1 4 4 8 7 4 6 6 7 3 7 0 5 9 7 
5 8 1 0 9 7 7 0 7 0 0 3 9 7 2 4 
9 3 0 3 0 7 2 1 5 8 9 1 0 4 6 2 
3 4 2 6 5 1 6 0 5 9 7 4 5 6 1 5 
3 7 9 7 9 3 3 6 5 4 1 7 4 7 3 0 
6 8 9 7 0 5 0 4 8 7 3 0 8 1 6 9 
