9 7 6 8 4 9 0 0 2 7 8 4 0 3 2 7 
9 5 2 3 3 7 8 5 6 8 2 0 2 5 2 9 
7 0 4 2 3 0 7 9 8 8 6 3 0 5 4 6 
1 2 7 4 5 0 6 4 3 1 7 6 4 1 4 1 
6 8 1 8 4 9 2 3 3 6 8 4 9 8 7 6 
6 2 4 8 5 4 5 2 3 5 4 6 3 1 6 7 
7 2 7 6 9 5 2 6 0 7 5 7 9 0 6 5 
7 5 5 7 4 1 4 7 4 5 9 3 7 7 7 4 
7 3 9 6 1 0 0 8 1 0 5 4 9 8 3 0 
5 0 6 8 3 0 8 9 9 6 2 8 3 5 3 7 
2 4 3 3 7 0 1 2 5 0 8 6 5 0 0 0 
6 1 1 2 7 1 6 7 5 3 6 6 6 0 9 2 
2 6 9 8 3 2 2 4 4 5 1 8 0 2 2 7 
9 8 5 8 4 0 5 5 7 2 4 6 9 8 4 8 
1 7 8 3 3 5 4 5 3 9 2 2 7 4 7 3 
3 0 0 0 2 9 4 0 2 0 0 5 5 6 9 5 
